3
188
252
538
178
757
792
806
999
996
72
200
240
446
94
606
87
632
101
320
929
610
427
721
15
153
390
152
870
892
741
162
80
993
52
258
750
197
417
102
193
489
654
785
287
749
391
726
733
844
46
663
454
825
384
469
979
126
973
201
18
715
716
99
708
768
709
811
965
126
265
510
615
919
296
903
20
39
629
754
884
28
417
338
853
153
160
184
279
485
738
650
200
454
749
261
574
810
424
892
937
689
402
552
960
50
807
981
90
789
87
974
817
504
664
22
657
176
207
288
662
945
938
214
751
39
827
325
850
251
569
139
292
972
43
605
22
851
586
464
640
25
790
809
529
455
831
538
983
38
178
645
335
117
212
438
508
39
116
710
643
685
849
287
9
893
892
32
96
830
848
88
855
639
897
384
94
728
274
429
119
453
75
454
922
639
245
782
678
361
493
673
46
694
961
56
587
853
440
35
684
640
123
539
279
20
276
725
749
550
155
868
355
582
674
277
221
919
60
251
280
553
925
679
247
886
87
187
91
879
574
775
519
698
667
799
70
943
524
171
845
31
391
201
613
66
478
834
337
538
438
970
443
363
1
43
601
88
582
692
319
508
820
838
206
487
989
629
782
866
800
627
897
544
828
511
962
307
697
299
197
487
621
993
850
622
388
803
62
322
848
381
830
20
572
389
507
561
18
641
427
170
268
325
714
449
188
28
108
237
328
657
725
301
650
927
276
390
731
338
712
931
72
543
951
644
932
810
205
302
451
633
472
71
310
539
520
498
567
980
87
247
638
812
901
640
740
177
31
823
515
743
754
939
638
57
583
570
867
789
872
670
774
697
741
436
236
614
286
155
946
373
403
584
186
304
225
278
833
608
101
700
703
207
640
342
264
223
912
131
364
137
801
490
834
894
926
422
860
212
577
807
586
332
743
772
988
320
402
821
928
503
522
632
62
162
974
326
737
238
809
102
375
962
592
561
856
519
983
69
83
913
228
669
245
971
793
234
292
195
407
220
50
929
204
112
443
178
438
181
417
247
635
144
209
579
706
418
450
689
839
534
602
67
203
200
38
997
786
330
544
193
903
595
475
107
707
918
638
498
451
55
745
86
551
307
666
257
77
116
299
916
650
253
335
206
453
373
555
591
56
99
785
311
694
612
418
402
530
408
900
334
815
997
772
367
656
790
624
85
907
275
353
909
529
688
467
982
62
22
574
470
122
711
781
816
323
551
570
205
960
822
891
775
172
664
142
180
454
119
266
713
394
619
975
923
308
442
258
722
465
184
192
939
247
325
755
922
876
678
479
188
500
371
964
24
387
458
205
841
929
471
555
324
90
882
599
750
324
209
472
141
393
16
80
640
693
188
914
922
218
394
110
718
765
426
743
504
885
300
345
814
771
252
490
213
134
90
964
811
299
788
304
45
157
737
37
850
277
952
772
495
346
883
213
463
309
308
967
546
960
664
713
731
917
203
297
403
645
613
566
945
401
223
342
910
960
379
761
237
331
885
732
29
120
297
844
782
958
163
328
918
828
41
2
97
597
299
852
242
912
771
539
665
994
881
576
954
261
689
543
944
574
627
974
47
276
170
829
586
334
509
505
514
551
859
963
500
510
815
742
774
586
634
439
580
515
367
886
776
408
781
73
335
408
399
382
685
569
211
271
255
720
128
769
623
339
732
123
849
900
218
623
486
852
415
419
367
782
657
496
543
439
569
878
199
968
260
884
889
471
508
145
543
988
914
167
680
999
642
529
899
212
505
737
64
920
508
784
54
166
632
597
957
553
827
156
873
87
393
762
910
901
907
454
241
174
973
921
525
615
803
424
828
308
513
244
580
22
28
986
188
12
936
145
565
763
653
438
851
46
553
113
947
812
567
541
986
540
462
511
508
617
287
688
925
801
932
857
823
313
196
363
325
132
860
243
247
513
33
450
560
586
564
859
399
131
752
737
24
215
601
884
184
888
572
110
41
856
319
216
169
515
579
847
999
791
442
247
657
475
697
217
62
261
428
813
745
181
550
121
748
151
5
932
392
577
394
433
433
66
650
955
581
581
154
581
373
596
180
30
423
877
599
837
491
379
650
588
560
201
709
660
352
714
593
744
643
339
530
428
405
180
383
987
113
889
920
838
837
452
868
261
329
819
98
172
199
749
760
111
302
469
772
654
535
365
751
178
704
281
959
462
813
342
801
926
584
73
765
421
525
985
34
206
157
133
379
356
234
491
467
536
313
239
542
848
956
645
379
13
278
338
475
91
32
628
370
968
701
487
