1
655
996
968
997
530
411
910
857
828
536
828
625
773
354
696
50
996
847
96
608
635
131
944
299
233
832
881
707
55
15
152
62
12
472
59
542
883
321
399
64
209
579
689
334
286
386
737
282
585
833
242
220
964
538
872
197
371
753
257
778
769
409
193
781
882
604
675
117
926
426
181
135
6
223
822
292
961
559
926
546
392
520
118
709
410
990
258
133
96
515
912
217
277
457
350
511
61
25
628
339
451
162
475
809
385
649
453
346
208
379
244
952
899
362
13
662
353
272
795
801
139
59
18
768
516
368
279
930
745
908
269
548
422
96
358
159
745
811
857
953
543
101
258
794
815
271
456
520
543
252
321
35
663
691
803
180
59
83
110
156
343
379
705
765
476
415
276
573
578
133
527
473
586
785
268
401
56
76
274
952
680
595
987
344
287
142
876
698
225
986
207
920
717
264
37
545
679
313
119
609
798
998
83
384
135
351
138
543
427
412
495
460
359
834
804
998
329
680
49
906
18
256
827
87
520
864
633
551
530
104
160
328
454
243
65
589
946
203
132
726
967
980
186
326
166
990
325
495
22
374
402
40
630
581
479
502
797
464
53
327
568
213
8
374
457
425
963
403
980
448
129
947
780
667
273
298
657
950
794
31
324
548
423
306
129
903
808
278
367
861
958
936
427
966
662
236
743
626
639
723
426
121
22
558
788
647
856
798
598
650
829
922
550
253
581
679
156
741
310
523
603
268
811
382
586
474
618
329
452
609
404
230
82
426
788
871
73
644
21
23
647
202
298
197
807
879
229
963
620
539
839
575
807
2
957
393
828
927
74
632
537
478
862
619
256
650
842
329
647
215
705
294
418
3
843
225
882
72
541
854
611
732
430
770
86
739
163
915
19
237
899
556
67
762
527
323
764
722
5
411
937
710
57
355
713
901
933
947
973
474
801
937
558
583
59
644
675
575
911
694
164
811
250
232
925
129
555
689
851
560
453
141
270
510
848
335
763
781
282
737
607
84
26
517
19
85
162
694
12
425
388
177
236
990
409
161
120
964
203
323
877
656
816
499
518
665
835
282
798
469
371
406
905
749
923
925
186
437
619
199
863
8
376
451
998
785
965
470
101
520
146
330
528
962
182
46
627
369
680
426
838
403
184
744
504
459
669
691
249
640
242
464
648
970
267
999
107
232
469
208
752
615
891
280
578
73
679
557
442
711
335
632
115
871
376
619
683
397
662
284
38
256
748
38
226
15
37
333
600
859
894
352
474
785
985
404
210
664
314
652
727
1
636
842
873
13
814
908
762
828
192
152
85
292
191
663
307
580
997
259
439
891
612
266
28
949
22
238
965
688
242
692
690
878
887
915
243
53
823
358
881
367
510
318
659
53
982
318
986
331
578
425
574
542
43
954
491
66
544
808
106
138
500
796
16
387
711
612
792
886
970
674
253
832
344
264
238
678
583
224
9
161
649
935
703
45
889
546
463
433
354
569
571
854
366
940
594
429
904
386
668
226
412
273
58
109
538
296
787
121
520
149
634
522
84
689
919
326
235
382
111
589
951
35
795
317
975
741
99
231
480
767
457
244
40
867
353
930
516
493
403
388
642
37
262
78
726
181
756
313
563
868
902
515
903
50
184
230
791
635
461
271
402
270
516
795
137
221
725
5
714
481
746
708
518
8
787
597
542
543
262
105
763
165
972
666
567
509
896
358
144
709
982
899
979
850
46
469
71
123
826
786
604
572
494
475
581
633
424
123
529
686
580
292
203
905
311
770
766
207
481
262
269
463
161
248
665
559
69
736
35
896
874
639
468
721
114
401
706
538
876
235
577
809
528
780
714
191
551
480
398
32
742
667
847
256
268
512
167
337
248
202
585
475
842
54
196
308
807
902
199
684
490
776
845
370
556
559
561
459
391
311
491
485
979
338
93
599
850
261
936
451
815
874
278
657
928
826
318
87
728
869
771
570
997
968
940
553
879
501
13
270
813
856
108
144
547
201
743
397
814
31
200
630
905
478
287
185
304
957
273
385
826
396
955
823
365
248
729
244
101
94
867
914
950
975
410
497
528
505
247
343
889
799
973
146
630
612
684
286
570
957
23
748
705
331
924
422
579
5
19
680
451
886
947
401
213
709
251
741
567
850
84
456
1
57
954
983
670
638
270
592
595
293
692
653
976
616
75
555
973
94
588
424
332
887
178
545
596
781
287
163
983
371
971
984
781
926
968
451
564
238
395
512
883
87
517
860
56
592
767
29
39
355
454
371
594
632
269
543
