1
780
672
69
570
870
596
289
531
611
588
439
388
415
322
915
610
681
919
729
689
143
464
127
735
561
313
460
778
62
295
376
194
319
445
764
190
393
54
73
4
994
864
392
761
186
660
372
868
931
453
909
75
269
37
162
831
702
974
961
116
270
338
311
589
783
427
131
529
481
204
533
827
69
278
589
607
938
313
827
869
766
737
296
387
126
811
570
180
785
532
297
55
222
608
645
5
35
776
534
869
333
420
48
754
698
637
361
636
950
189
857
68
278
506
456
756
317
26
936
102
910
233
158
132
193
155
490
581
283
376
802
616
796
850
370
494
488
84
482
790
273
692
859
903
198
667
659
515
45
595
969
956
181
479
440
726
634
930
307
918
659
109
534
455
312
257
302
800
341
136
942
966
828
801
869
378
820
880
245
866
827
215
174
8
694
966
735
329
897
394
599
908
856
485
363
168
742
17
320
435
506
262
753
334
416
974
65
236
854
310
454
682
877
980
42
572
947
129
253
196
876
204
104
732
689
819
252
784
837
924
219
343
186
325
29
954
299
94
543
154
757
997
188
634
330
230
206
277
712
811
473
588
15
577
672
705
748
924
841
585
848
60
280
386
737
662
693
37
108
236
191
865
585
731
500
915
961
58
544
25
870
17
613
237
946
637
294
47
561
135
632
761
548
265
500
285
927
545
322
35
133
865
253
718
596
753
986
910
163
530
935
33
900
901
623
198
538
917
245
452
53
230
565
953
847
417
238
126
962
913
513
95
778
766
166
727
871
152
637
35
34
924
420
286
177
43
837
716
961
434
520
366
16
85
671
863
503
909
989
817
174
855
913
305
621
431
32
493
583
21
528
969
945
948
608
123
344
445
191
657
879
711
23
896
148
694
111
3
955
101
821
482
308
86
787
929
517
819
774
452
840
654
421
137
955
29
260
299
826
803
956
58
514
331
954
663
377
417
18
684
870
839
166
178
925
953
108
794
124
234
246
964
889
20
454
844
401
714
143
228
518
451
638
384
782
592
399
159
361
418
843
232
609
10
410
887
315
870
681
440
105
280
756
346
300
210
190
701
277
685
281
147
488
919
883
270
863
283
781
225
53
624
809
662
986
219
549
654
90
231
94
547
863
202
893
163
765
435
216
42
472
850
541
960
121
424
230
337
59
363
562
112
339
723
775
326
942
324
332
384
907
426
283
770
980
528
285
745
963
502
787
435
704
680
395
825
105
977
162
164
340
76
629
680
799
404
358
94
80
690
830
340
468
466
462
448
994
748
194
958
602
333
745
306
366
141
483
471
470
646
987
811
74
968
843
226
372
201
320
805
891
502
145
359
968
959
159
963
707
705
921
309
39
18
967
405
159
451
228
630
449
567
793
523
536
636
749
260
837
421
417
80
924
914
791
244
874
950
207
581
8
480
243
399
499
562
156
10
365
736
992
814
303
785
690
191
421
791
804
610
565
221
42
841
136
833
85
10
136
293
943
144
125
538
895
624
101
51
987
818
787
979
633
90
765
675
634
538
818
438
501
383
659
543
224
147
729
310
509
217
955
805
713
80
343
608
57
796
659
44
615
798
375
600
240
492
275
874
31
445
312
884
829
324
779
53
823
508
715
333
77
670
138
790
103
833
750
160
630
409
556
597
207
931
197
448
424
824
674
807
269
339
43
450
663
822
504
838
683
219
171
112
242
661
903
345
495
653
857
477
415
413
74
974
696
271
422
472
447
449
279
68
788
674
519
803
849
23
641
532
594
165
644
836
826
899
533
673
905
390
150
320
155
224
294
852
847
69
324
646
518
956
715
306
982
234
109
831
609
102
363
555
267
360
744
94
259
277
767
164
20
918
836
175
494
131
27
694
552
704
340
70
12
407
728
994
641
189
826
602
291
541
158
559
901
254
653
513
531
772
29
903
42
218
79
537
349
458
583
253
162
923
323
526
683
403
521
324
592
699
279
883
240
789
442
494
43
95
359
926
868
388
830
910
958
261
799
307
719
382
912
234
658
235
760
341
638
633
17
582
332
648
466
573
437
908
419
832
356
778
111
576
518
941
838
477
554
638
136
273
372
49
859
382
636
620
75
627
605
93
209
938
93
675
863
531
584
282
715
940
412
826
516
930
119
706
407
673
344
896
299
69
945
158
451
581
130
527
208
736
972
770
674
65
445
889
948
381
523
664
673
935
842
541
217
962
248
977
987
944
873
286
13
818
445
817
751
575
696
312
311
20
82
337
85
879
578
386
261
101
402
934
388
244
828
958
206
76
935
546
