1
20
808
832
386
626
277
203
729
205
251
41
868
271
475
206
356
355
136
94
616
590
496
902
978
741
82
288
299
158
223
845
531
31
678
917
9
307
472
739
864
723
132
733
994
608
291
702
963
427
797
931
17
645
185
348
738
268
636
38
778
860
235
661
243
265
578
253
925
402
344
789
477
476
522
823
436
813
526
399
241
675
682
258
672
220
958
411
840
595
449
970
807
36
632
50
302
562
303
227
965
999
16
794
476
539
618
912
704
496
664
945
523
698
556
195
270
866
606
110
461
407
433
620
444
65
671
746
627
326
325
944
326
341
91
154
232
709
418
289
205
434
234
728
485
142
923
755
9
882
218
822
289
651
443
733
68
466
831
47
792
508
344
470
202
435
624
434
144
395
723
701
829
310
429
314
452
704
422
813
586
640
636
228
643
431
313
711
897
145
758
689
653
102
512
207
889
488
994
33
883
717
734
65
379
515
731
184
572
153
997
158
145
985
738
140
416
52
851
313
549
962
355
554
416
867
762
306
355
756
691
591
825
778
656
205
293
739
741
865
245
90
376
742
76
466
883
844
518
86
510
67
48
865
622
817
84
736
123
439
492
166
382
317
944
38
874
238
130
615
455
375
58
183
117
486
650
0
330
168
439
192
588
839
57
562
656
141
298
131
933
790
298
315
459
242
706
686
832
188
301
640
563
711
823
32
197
825
33
880
346
824
72
934
663
482
848
320
975
146
451
908
288
101
576
99
696
634
785
528
822
439
520
385
150
344
417
700
521
802
580
867
978
652
153
642
134
1
962
110
499
765
370
139
219
298
591
915
932
376
443
106
815
316
491
318
660
261
18
533
415
598
401
394
602
906
388
89
260
350
551
759
467
273
251
686
572
842
601
856
570
397
963
738
713
806
56
725
419
426
610
187
376
11
933
330
918
321
419
530
23
322
289
842
948
892
529
872
86
482
728
657
231
691
395
296
850
803
373
269
229
984
808
957
347
741
287
617
62
59
147
437
381
789
280
681
681
161
553
768
995
282
777
227
325
524
875
175
327
601
797
908
585
605
865
284
699
152
902
113
211
49
551
945
838
183
626
872
344
180
992
339
814
769
918
139
293
146
667
972
747
816
880
684
773
745
968
472
897
870
938
461
272
489
406
110
24
32
334
368
564
326
59
378
447
330
870
92
476
889
64
575
705
944
259
830
689
227
655
939
450
593
400
722
434
806
184
458
190
519
178
755
197
589
485
645
919
355
737
747
596
802
322
653
98
581
484
788
161
139
79
611
84
479
333
870
637
517
328
827
388
858
934
586
447
420
231
719
127
320
818
724
122
141
377
221
74
213
361
587
704
440
198
788
271
883
10
908
753
338
87
141
548
22
727
348
794
310
419
273
631
237
349
105
730
727
678
805
292
39
744
997
831
943
137
102
178
148
362
931
838
802
73
387
824
152
87
970
463
506
243
446
743
593
551
474
672
582
631
316
621
727
313
805
670
803
259
201
303
974
132
141
776
557
880
952
62
319
922
877
825
517
323
921
462
226
747
486
808
730
803
782
457
468
939
480
271
198
681
926
172
165
68
948
723
300
900
137
620
174
14
797
692
689
718
506
915
465
993
76
547
148
858
5
616
797
485
240
347
166
166
520
331
586
820
406
887
73
543
859
247
909
656
291
598
727
150
514
544
143
590
92
643
800
97
259
949
934
499
296
100
18
168
783
604
989
542
843
414
437
54
661
347
63
305
945
790
455
811
686
950
753
778
593
905
227
204
854
161
56
151
613
74
319
749
678
660
643
874
74
80
928
88
779
991
745
77
133
200
240
820
502
994
950
447
899
530
651
106
691
707
257
657
781
928
758
812
589
401
38
15
833
966
103
613
310
848
690
795
400
930
967
254
276
918
701
528
448
353
634
491
412
243
500
194
523
258
358
464
659
396
480
493
714
935
458
24
136
500
820
888
430
787
143
59
57
844
939
857
549
925
701
962
168
201
156
691
460
866
508
471
262
988
316
328
275
774
353
411
274
525
652
57
664
795
116
74
639
407
931
541
332
632
503
500
186
11
543
646
877
51
469
491
391
786
819
19
560
524
782
835
49
434
244
66
229
712
140
221
119
423
762
451
408
265
303
594
276
198
592
505
602
61
348
345
847
167
364
760
692
147
947
93
581
191
511
811
255
3
384
374
779
146
177
187
763
832
133
391
30
77
248
632
138
596
978
338
763
694
450
807
841
397
253
423
940
764
586
195
120
322
921
899
820
450
438
583
282
571
326
312
