1
648
574
297
138
522
627
828
637
321
278
445
515
27
50
938
319
166
876
866
286
198
139
537
18
589
975
953
871
898
631
536
898
557
833
389
79
812
217
716
485
848
513
0
227
563
290
547
82
166
413
368
716
553
906
86
494
233
391
366
132
374
902
382
931
87
771
362
899
989
79
384
189
944
737
416
860
27
963
942
546
729
310
262
634
568
701
128
154
444
846
638
819
748
20
750
187
792
113
438
133
544
823
322
488
560
90
348
939
54
642
485
135
305
100
121
873
153
601
379
597
448
17
416
548
390
519
736
534
984
174
667
880
349
341
720
261
783
421
201
837
63
38
324
368
138
445
594
291
47
973
241
847
343
9
395
733
880
483
619
864
658
638
96
359
331
817
621
114
238
174
304
653
212
628
22
703
426
968
346
825
941
587
672
636
949
419
721
829
903
340
46
913
978
142
624
309
959
597
776
549
771
80
203
336
708
577
391
486
545
89
311
838
677
335
827
978
107
548
807
362
241
853
627
219
996
251
881
307
849
657
857
972
737
412
308
797
341
51
636
886
141
299
76
170
635
903
148
94
452
955
456
693
161
83
264
157
334
497
464
535
506
673
508
595
437
816
393
778
220
29
16
361
328
93
531
315
996
679
761
800
986
217
845
147
652
462
656
339
959
473
874
466
498
382
61
936
551
806
66
771
187
83
484
868
528
15
183
876
46
297
677
32
514
874
532
519
336
188
858
296
661
732
114
160
467
175
448
18
334
514
141
521
949
625
389
477
992
925
354
38
222
383
422
88
257
306
607
594
495
465
242
508
550
356
20
17
883
820
387
217
335
528
739
636
505
128
114
497
405
820
535
627
203
309
716
812
616
323
758
463
141
352
323
691
708
696
60
944
516
447
161
203
327
252
840
832
733
306
329
138
126
216
118
681
877
834
845
845
509
604
308
650
956
984
693
17
680
753
961
196
200
474
400
527
727
592
711
812
898
40
950
376
608
68
57
486
254
254
683
764
858
992
766
167
976
460
184
656
213
497
204
414
971
956
293
50
548
5
862
798
397
165
174
358
585
583
196
840
838
879
956
48
871
722
215
199
182
751
207
396
248
412
162
572
368
807
622
269
164
837
67
562
2
594
920
587
529
116
779
719
995
735
768
219
810
335
770
992
87
978
740
687
742
254
259
462
62
234
731
226
71
151
140
73
97
60
12
626
528
144
698
876
231
466
447
41
153
217
386
592
195
126
280
937
733
539
752
795
773
483
373
196
986
514
269
83
926
634
62
807
778
760
35
9
578
482
403
731
699
789
324
247
915
956
536
648
847
288
795
973
124
169
169
110
35
791
194
313
425
608
120
555
368
155
916
298
989
319
29
41
108
705
288
376
661
824
376
509
465
172
482
589
693
651
699
728
794
245
393
219
205
514
126
573
21
395
871
363
714
253
404
175
958
692
551
972
868
927
481
333
451
315
274
144
318
974
224
113
571
618
684
777
484
811
702
857
206
926
220
272
179
624
799
489
668
350
461
537
630
294
222
81
961
497
226
280
823
450
745
394
420
429
523
904
592
226
762
150
152
982
423
683
959
222
524
627
925
986
164
555
632
739
988
946
236
214
226
59
17
971
805
437
752
329
694
345
907
456
495
411
790
270
94
749
845
618
377
770
956
893
677
941
632
665
887
220
232
465
279
601
788
437
390
540
118
84
237
25
892
733
788
35
355
882
784
200
852
513
322
809
407
351
102
391
369
989
612
953
806
243
554
594
680
296
486
150
733
724
527
625
809
315
660
516
197
797
69
50
310
743
211
69
95
313
461
816
654
73
769
812
316
675
758
349
323
244
499
56
320
27
34
481
342
46
998
892
843
419
294
506
162
857
575
257
522
36
73
528
461
194
340
778
869
98
127
545
694
978
601
367
5
635
848
700
682
198
944
877
617
238
383
780
447
959
389
969
347
815
497
809
361
189
587
583
287
66
128
981
396
729
700
754
365
549
454
399
99
750
276
69
988
660
201
787
971
590
756
318
757
605
479
119
794
418
702
81
484
830
414
881
559
115
635
276
16
441
27
115
191
304
536
531
316
737
318
639
680
426
309
437
31
789
556
825
207
610
258
44
440
24
277
352
491
264
980
507
705
8
975
248
664
511
131
980
601
449
971
281
227
280
718
258
69
627
435
277
589
45
673
30
69
950
734
561
214
714
420
271
74
395
519
738
259
2
70
212
803
41
493
30
322
563
288
743
542
75
372
132
120
45
514
189
995
248
102
209
314
523
832
389
