1
270
703
127
881
705
550
93
508
591
938
538
265
502
178
9
44
253
381
528
725
427
42
267
422
642
369
984
957
244
816
698
515
520
177
748
577
727
842
86
319
780
976
936
634
155
945
31
760
327
559
486
754
954
753
528
596
474
512
905
719
681
955
586
553
133
334
130
212
528
216
883
661
193
820
295
700
765
678
460
92
238
298
198
544
403
79
140
878
943
398
597
624
353
535
177
838
869
308
51
398
876
934
59
421
754
706
121
520
385
934
964
975
232
515
519
988
594
11
866
537
761
815
162
467
350
691
305
219
351
708
969
228
995
380
1
749
439
123
621
176
409
938
151
641
453
22
629
399
385
847
936
147
662
450
614
364
494
271
936
197
332
905
777
327
638
779
428
77
902
402
605
311
692
756
304
145
130
286
896
515
485
184
14
148
987
980
864
481
604
800
678
936
58
456
615
696
587
43
125
841
797
730
504
489
838
808
986
968
446
882
835
932
419
202
432
406
534
648
239
138
449
269
426
507
77
41
203
664
437
680
505
586
410
9
76
248
170
62
568
968
297
755
252
716
957
36
474
492
685
713
982
134
982
409
993
412
802
548
76
239
228
582
178
638
943
254
238
113
668
806
434
317
561
686
385
871
723
859
715
408
924
697
894
907
458
239
319
261
787
747
852
15
329
30
5
625
284
243
90
305
401
524
622
314
211
8
185
934
867
252
694
792
950
940
51
408
179
722
21
318
469
874
333
151
904
338
128
541
933
218
846
334
743
468
648
954
828
186
240
696
438
286
840
740
226
243
501
757
965
522
75
786
396
760
289
653
98
417
194
383
636
392
69
379
860
69
685
689
255
925
737
46
211
929
138
789
172
639
546
489
514
621
275
262
381
917
915
831
334
461
566
322
853
635
53
66
704
738
107
312
663
844
710
226
773
848
15
297
840
913
786
354
886
413
616
619
330
884
450
17
345
368
691
199
3
745
265
60
483
372
724
499
568
434
77
693
282
93
990
474
6
128
828
893
541
797
512
224
681
315
241
26
35
284
577
391
29
842
451
865
566
175
364
134
961
441
827
595
886
169
70
245
297
898
490
191
695
354
415
728
21
8
755
57
292
332
448
322
527
251
187
93
778
903
580
739
696
759
334
583
929
404
180
578
655
670
769
702
24
184
431
46
544
186
455
837
870
903
511
397
506
50
843
636
953
423
375
1
182
61
936
111
818
116
42
825
786
811
527
163
348
958
561
892
496
16
81
367
271
592
116
129
642
959
765
947
734
492
949
917
553
885
380
723
354
422
548
492
586
76
655
934
386
568
826
883
936
908
602
207
500
70
688
495
382
453
794
116
945
743
33
851
981
766
926
335
540
475
179
126
903
835
60
289
755
239
524
692
147
478
251
999
549
940
846
931
745
641
47
691
736
433
894
69
551
820
756
91
647
936
570
550
771
630
840
878
221
716
570
368
195
822
720
96
114
566
27
859
559
426
902
296
211
148
717
114
969
474
558
616
410
128
167
533
110
359
411
332
427
982
52
622
156
772
70
622
691
97
481
250
876
736
898
439
884
616
554
205
90
464
822
852
592
341
385
54
52
796
386
479
130
791
454
286
563
524
908
606
974
742
209
202
478
107
641
714
75
547
920
517
363
94
369
307
435
754
362
839
903
100
670
33
891
124
672
807
1
932
413
327
674
622
529
504
82
522
571
509
422
491
27
785
585
748
93
372
503
455
563
758
555
233
791
799
710
815
606
711
748
371
38
774
346
919
279
428
441
850
937
863
693
316
649
630
65
742
354
920
549
917
678
456
150
821
255
212
637
213
275
385
937
313
159
283
232
790
711
26
992
0
889
37
317
890
667
382
984
373
654
533
290
332
342
793
505
597
5
142
163
281
879
100
946
391
383
531
533
446
909
526
446
798
915
115
41
935
849
25
308
503
911
599
187
253
744
693
202
101
187
717
734
67
817
33
810
552
564
343
350
473
221
149
623
137
264
16
72
466
394
380
321
305
331
509
910
427
554
464
529
741
182
263
160
351
296
322
256
212
666
606
37
239
755
13
376
372
29
800
838
423
533
511
80
216
20
342
644
926
807
525
20
341
140
532
692
437
855
948
1
873
907
391
112
14
404
841
386
785
993
576
209
526
88
641
95
460
984
739
387
143
264
407
484
404
939
176
193
146
477
547
19
384
938
132
398
694
325
137
479
318
65
688
845
153
682
292
966
18
31
353
161
647
112
645
403
403
821
949
550
650
848
921
386
786
53
785
832
378
274
311
