1
49
339
352
246
493
34
538
811
52
921
516
213
568
628
858
323
383
31
624
285
34
472
207
420
610
612
557
442
343
831
754
392
171
106
638
16
492
528
827
544
449
343
109
17
323
319
692
58
702
317
696
736
789
903
157
400
867
714
194
210
898
948
954
69
406
944
437
898
472
264
794
921
959
255
290
634
574
983
44
277
300
740
365
441
995
874
193
863
941
388
73
839
688
380
908
95
324
697
345
797
961
492
70
272
747
361
258
674
344
302
303
996
395
668
789
390
543
983
253
836
371
679
675
411
59
935
506
383
632
204
532
945
696
603
569
795
964
827
469
660
481
772
8
876
441
797
267
336
780
872
172
503
551
847
915
610
134
773
346
766
329
878
711
377
481
280
173
797
459
642
457
940
415
817
169
208
615
436
544
747
308
68
603
212
267
870
822
401
995
168
167
325
399
230
702
880
862
875
30
321
870
487
613
285
657
782
493
272
218
389
371
879
809
974
91
76
844
265
829
840
786
348
165
185
930
219
417
792
447
447
113
317
287
726
602
944
861
447
568
431
188
939
310
349
914
753
777
110
371
606
950
157
306
467
694
236
39
111
28
486
911
493
803
550
571
757
494
432
556
414
864
96
353
526
445
619
632
222
82
3
180
384
512
486
852
206
74
243
669
454
729
580
947
884
130
870
993
976
655
549
390
519
645
96
397
442
67
381
664
149
384
196
534
248
34
738
454
108
981
124
562
62
56
861
946
539
83
939
515
738
840
258
609
837
706
7
279
773
740
295
275
125
843
809
725
877
547
180
337
880
656
251
942
64
464
240
603
547
531
471
286
723
81
895
560
787
254
839
912
995
486
187
472
329
348
549
206
247
729
895
127
737
146
421
154
610
13
109
157
544
580
795
267
13
43
179
800
297
370
65
644
856
604
468
537
953
18
95
200
99
990
680
189
136
101
343
98
467
452
256
363
385
403
983
398
446
162
551
744
533
968
740
741
572
209
279
525
579
374
726
678
717
758
867
205
211
562
304
678
15
912
42
752
315
377
502
762
539
53
506
424
21
598
166
594
807
797
471
738
523
549
417
240
307
636
798
519
199
102
549
566
14
591
318
329
968
820
91
860
226
949
284
247
900
802
193
59
951
665
798
827
214
215
419
874
851
217
393
50
319
942
616
333
886
286
15
206
107
458
66
333
760
703
932
660
505
478
719
809
495
517
636
61
732
55
935
936
273
328
338
944
623
955
630
509
241
645
715
700
455
134
385
215
837
670
875
694
500
595
503
995
464
491
56
549
547
992
485
172
672
823
116
295
130
98
156
724
95
872
424
551
358
162
766
195
184
994
889
684
941
745
679
405
236
87
954
135
431
791
307
456
615
776
751
745
874
260
821
970
484
246
873
842
760
639
37
944
985
278
628
926
375
659
684
612
98
990
99
530
782
759
986
749
535
89
846
761
349
668
83
185
266
956
27
378
948
416
322
285
47
302
564
422
313
248
34
411
590
486
941
724
245
279
473
780
721
672
893
70
692
977
608
310
285
635
688
233
52
362
519
99
664
83
873
329
683
260
740
625
746
34
350
991
665
175
123
386
847
16
809
891
345
417
201
631
52
889
216
456
251
87
907
267
522
781
596
205
41
689
831
139
75
533
130
740
708
253
127
908
621
936
799
967
705
1
598
757
242
166
566
846
254
825
113
776
958
62
334
351
103
517
490
178
50
620
918
110
225
45
18
847
333
818
814
38
171
764
148
413
930
66
259
536
243
725
665
202
139
351
553
242
868
44
420
270
16
690
380
242
88
751
89
421
569
255
812
92
19
312
505
301
378
117
838
621
842
855
175
981
206
729
575
74
125
995
696
493
685
428
87
773
179
176
547
100
783
359
192
802
23
50
456
401
167
294
374
9
501
550
342
707
279
917
133
756
264
829
249
301
257
689
427
789
865
326
889
1
37
82
803
60
132
259
461
651
905
187
12
406
737
354
465
368
623
598
476
239
427
726
892
37
767
671
178
632
997
67
633
34
501
789
94
985
400
907
636
658
447
648
416
184
354
882
553
329
480
29
920
260
107
813
649
874
836
827
859
834
246
844
220
100
985
667
85
738
574
74
748
21
722
164
558
429
398
463
110
231
844
31
843
304
196
492
530
32
671
389
866
269
586
87
369
923
754
807
661
680
881
409
54
955
926
964
384
324
427
495
907
271
526
750
575
74
594
106
106
617
847
973
887
785
412
608
709
518
415
722
198
296
484
604
252
410
568
988
86
995
483
994
619
