1
361
96
546
435
691
4
894
308
852
867
547
989
631
508
698
149
923
773
699
572
257
656
176
667
224
516
105
572
352
451
543
713
548
89
501
239
94
395
899
298
614
799
287
245
307
338
746
582
111
797
506
368
453
682
387
30
551
844
602
903
296
497
968
844
586
469
435
32
216
686
330
830
485
618
427
144
308
525
727
419
323
233
139
128
268
526
158
819
722
112
74
18
609
42
214
548
512
649
580
80
336
911
263
173
881
690
318
189
568
397
608
891
982
747
19
602
625
530
421
347
642
847
718
604
890
932
152
754
582
732
834
270
643
97
795
876
140
465
65
708
862
25
951
845
124
322
447
749
852
221
449
847
68
167
451
310
99
955
64
33
687
251
655
683
348
803
559
840
268
977
548
131
2
851
328
127
174
127
228
378
700
677
225
121
844
28
783
296
983
848
681
671
99
337
706
799
140
617
640
760
594
540
243
597
392
923
76
918
51
304
296
103
982
522
576
178
902
360
826
886
208
508
909
659
197
615
810
689
232
802
449
827
695
693
776
87
616
852
357
19
156
653
475
490
527
51
669
430
763
847
316
323
355
225
982
904
192
145
593
424
947
395
603
642
440
379
81
408
583
438
780
740
444
255
582
971
658
251
753
422
451
69
745
158
646
80
63
190
577
8
615
876
755
570
519
195
302
952
604
885
743
736
977
539
991
560
510
1
163
264
775
614
685
873
773
684
953
188
874
882
196
841
758
952
412
629
499
66
582
455
303
677
191
281
216
534
193
78
888
708
694
663
323
380
536
448
416
841
988
290
723
184
132
482
488
896
111
340
314
45
795
617
722
339
250
290
873
443
369
761
152
415
777
827
795
313
627
563
155
615
854
230
151
338
712
992
586
176
332
900
221
479
869
296
818
120
938
44
915
659
157
67
75
934
246
222
600
873
786
107
840
640
337
992
330
402
336
916
578
668
168
151
499
37
447
670
509
738
714
425
397
223
492
472
158
91
695
110
316
481
217
157
473
554
501
155
956
837
71
534
857
591
38
708
980
485
378
490
223
92
915
973
668
759
445
826
850
140
936
519
973
153
28
798
59
529
953
16
718
376
902
927
967
292
635
300
778
14
790
353
458
705
326
126
816
124
304
19
616
592
538
590
97
566
740
157
447
694
525
517
422
779
444
390
72
79
42
202
445
832
907
256
889
586
734
705
710
39
724
678
983
614
620
81
532
361
590
979
55
467
496
477
246
940
219
670
372
261
224
169
445
132
777
334
70
512
392
132
551
468
810
534
83
431
967
615
792
557
595
199
24
443
28
623
736
600
293
460
861
518
629
659
2
407
993
72
271
737
204
822
206
14
708
289
797
28
256
589
585
203
788
962
647
169
937
383
769
582
843
982
452
824
641
454
583
987
878
854
724
434
28
282
449
89
571
598
117
180
188
54
383
328
368
30
497
305
765
266
888
960
249
340
137
890
147
720
229
25
927
954
460
955
236
261
396
160
859
513
340
399
920
75
728
288
458
225
594
223
492
834
536
93
174
25
335
321
745
565
699
24
519
159
332
107
772
728
619
983
242
959
383
514
35
111
802
845
688
748
420
180
934
956
625
109
981
961
782
79
526
833
103
397
344
435
504
116
516
124
100
758
435
483
624
822
946
426
667
634
527
88
167
461
396
792
922
730
753
57
809
631
890
264
28
235
52
533
703
568
9
155
678
444
990
302
267
936
80
286
923
607
374
90
421
123
234
343
853
340
400
14
971
643
278
0
230
682
533
933
602
894
441
280
338
783
934
957
72
15
244
995
974
970
437
395
93
671
91
946
11
843
960
983
486
591
335
716
625
220
2
228
114
795
508
452
578
795
410
650
162
6
645
136
976
82
884
70
106
975
368
469
818
681
804
657
624
139
725
249
359
727
477
473
522
338
278
453
133
40
103
295
46
101
783
374
535
667
796
641
994
165
463
165
198
267
174
822
407
899
71
766
627
549
592
501
887
870
954
372
262
410
667
308
511
802
682
46
822
479
40
168
996
503
333
194
770
507
16
529
407
439
648
386
988
240
239
227
462
546
951
724
956
970
384
819
773
418
217
595
249
609
763
597
112
449
791
235
308
159
116
67
951
764
805
291
356
45
871
818
943
822
894
251
793
630
422
918
401
639
513
650
249
628
248
713
429
391
300
738
903
417
157
854
181
963
497
538
360
368
708
303
191
955
906
336
585
328
254
986
967
119
989
568
747
589
634
529
980
934
619
235
703
776
441
237
739
939
775
451
659
835
