1
106
850
142
12
538
80
340
792
418
660
911
407
580
11
996
214
540
329
501
159
916
556
287
358
793
379
649
568
830
308
756
937
511
898
301
401
978
994
194
397
6
457
156
586
468
505
153
360
834
6
519
750
562
807
460
356
186
461
276
368
122
32
657
985
283
959
386
613
305
932
362
311
390
519
897
210
24
402
571
210
408
442
312
971
601
125
679
787
586
955
508
60
340
165
45
975
476
784
588
781
716
951
92
458
822
342
669
198
96
240
408
505
682
720
828
284
845
507
423
784
814
283
844
154
801
242
129
277
378
70
411
94
373
855
905
547
549
574
745
646
166
153
151
200
225
331
836
423
190
612
207
4
895
403
159
696
997
640
326
375
62
737
822
787
944
727
334
494
653
79
140
819
584
643
371
810
974
208
585
164
172
792
168
419
547
679
468
545
672
794
920
86
883
742
874
827
821
208
673
474
640
813
645
224
808
17
386
782
577
971
298
101
115
819
520
663
850
988
560
522
134
480
609
17
575
835
197
396
43
222
871
683
36
868
260
844
885
646
979
814
970
277
915
437
96
436
100
947
776
12
821
911
493
782
280
420
617
829
816
13
52
39
48
440
908
660
636
145
307
967
960
629
245
227
66
693
15
519
992
144
531
166
55
376
300
687
796
270
517
965
635
921
4
683
361
264
344
349
410
3
317
722
984
914
301
50
959
317
921
304
813
805
822
868
181
122
555
330
392
424
647
27
345
3
63
58
268
759
760
30
762
77
752
98
343
405
148
302
74
422
958
887
227
780
755
760
903
663
442
647
439
89
27
785
93
90
195
713
201
955
743
963
384
847
61
727
252
561
382
679
983
340
566
562
121
674
323
376
689
765
23
128
207
402
265
652
492
461
365
693
768
460
8
153
659
421
232
263
335
614
942
670
307
509
233
780
535
908
156
224
25
531
352
584
934
970
236
778
431
953
824
551
765
184
704
424
958
289
40
645
903
982
315
562
843
900
342
378
160
850
954
186
382
659
122
668
629
359
446
412
664
622
963
430
159
20
206
117
309
246
762
564
581
429
127
424
330
469
155
490
320
109
28
54
120
151
722
749
862
520
161
526
495
125
308
654
145
867
123
454
465
885
370
46
666
497
823
996
319
330
839
991
791
867
45
912
370
119
661
232
991
823
111
838
300
771
492
445
638
967
251
456
204
621
854
871
471
677
219
790
359
58
133
151
278
530
63
648
1
76
233
992
251
696
831
551
467
675
348
458
643
951
914
847
925
768
70
396
798
290
538
157
348
671
308
978
553
723
979
554
152
212
898
403
260
81
307
727
757
7
185
752
959
451
951
236
572
22
632
722
312
522
879
12
545
540
991
98
615
970
4
767
534
902
171
794
984
830
873
93
837
411
845
796
862
796
32
786
170
16
508
482
890
740
495
787
280
838
237
895
160
241
15
694
144
538
840
480
368
713
573
205
124
418
354
339
566
738
477
737
107
986
219
997
726
66
785
358
256
22
605
416
616
620
462
760
158
302
240
878
368
813
84
844
583
438
183
149
176
13
886
283
999
458
633
77
876
770
787
133
144
392
901
760
365
364
872
875
18
464
754
386
277
838
231
212
628
766
362
156
131
600
792
130
410
425
559
287
547
346
772
691
91
673
804
456
389
676
331
408
141
85
146
770
275
729
983
903
848
697
60
979
297
852
462
60
629
373
347
176
72
471
219
163
144
23
971
886
52
302
646
193
740
792
315
367
874
650
271
722
347
683
53
997
887
515
57
868
241
756
396
313
227
615
476
723
991
447
609
43
101
255
588
193
400
255
561
274
906
184
348
605
867
401
602
106
269
11
326
510
767
722
175
994
689
651
718
680
450
679
75
551
935
15
745
687
623
306
961
529
490
661
134
709
62
89
167
683
452
493
545
220
215
720
566
256
723
636
289
173
316
364
725
603
732
822
290
355
128
603
236
970
264
722
31
678
163
550
362
616
43
259
836
610
980
754
218
703
391
507
877
59
872
954
14
956
776
304
663
256
259
899
578
523
973
961
201
137
511
915
753
906
175
941
868
507
695
86
562
438
594
791
497
818
745
511
126
873
167
789
481
426
40
411
949
365
372
503
502
235
770
255
493
297
196
713
156
244
152
719
682
98
510
180
268
608
43
394
833
563
535
667
989
927
78
291
292
803
146
795
390
916
402
884
566
599
949
722
195
101
793
877
551
304
409
819
264
805
565
449
368
100
116
357
379
195
648
24
998
794
819
388
63
573
624
629
524
926
703
719
