1
379
497
597
931
153
358
102
417
163
668
866
531
120
335
889
500
530
889
524
880
36
695
620
451
268
597
432
793
523
135
512
902
984
461
185
137
820
288
906
983
956
125
515
428
460
756
928
990
997
804
870
33
499
842
484
120
439
268
265
962
404
129
217
388
591
402
878
763
42
784
98
350
909
613
779
721
721
707
63
719
864
285
104
715
128
941
835
567
209
452
530
965
582
99
706
173
853
584
288
896
720
386
246
982
352
25
703
73
85
767
144
949
52
601
664
532
542
852
100
103
304
982
69
886
81
127
411
934
711
51
182
783
438
429
117
790
454
821
215
891
940
712
840
344
313
857
877
855
709
329
310
365
311
379
604
744
506
15
30
569
419
213
705
857
642
822
999
448
995
566
340
935
278
532
632
943
389
861
798
450
190
461
168
501
840
772
245
699
139
275
620
558
840
325
415
834
148
766
283
143
333
975
431
611
859
63
555
601
924
705
403
114
518
571
967
359
343
564
410
483
839
30
41
32
708
809
866
856
575
501
351
260
828
782
224
688
197
131
289
473
188
692
587
707
264
906
418
959
470
828
442
662
210
836
694
918
645
560
126
572
62
478
833
890
260
57
930
458
188
571
931
376
616
871
435
880
129
853
191
600
33
634
262
244
470
308
162
467
220
289
39
282
119
872
525
379
281
807
189
821
379
473
550
995
696
985
227
825
839
418
425
872
52
39
468
874
347
983
341
920
624
381
554
743
605
79
122
239
887
664
60
618
137
610
613
833
948
840
658
139
258
84
363
663
475
832
537
175
815
231
95
439
964
649
182
569
81
656
160
320
320
221
938
457
183
551
290
483
743
301
622
353
737
986
16
212
818
906
739
985
137
186
424
101
836
958
22
269
614
535
941
287
756
879
744
291
782
387
775
525
688
397
230
777
735
247
341
553
153
81
890
642
267
666
95
455
624
469
724
591
4
665
878
112
896
974
404
678
361
531
555
401
280
138
178
16
385
520
921
890
953
812
884
220
478
979
676
455
448
752
46
805
770
924
917
666
898
673
697
612
204
604
365
485
742
896
853
479
768
774
369
721
938
253
293
769
584
321
224
33
74
270
838
196
546
107
862
796
781
911
760
985
868
126
822
610
22
27
90
790
154
811
863
92
417
156
861
1
478
85
386
904
707
576
100
253
684
314
402
817
226
162
154
94
288
977
56
662
356
498
804
510
662
667
603
79
824
816
432
302
902
819
206
609
747
658
215
431
972
617
248
198
131
755
644
772
84
701
434
440
551
239
951
213
258
906
292
82
722
725
736
976
896
294
938
643
952
153
427
925
122
27
475
253
782
120
377
866
173
812
307
724
403
610
938
13
516
582
96
238
659
184
215
555
831
153
551
135
658
978
60
132
5
888
737
788
360
115
654
533
927
313
609
682
923
547
695
791
482
143
30
141
680
597
49
511
102
600
998
112
578
59
244
935
299
981
75
659
96
82
192
375
395
153
409
671
53
105
462
535
600
844
28
280
441
77
143
895
29
142
7
959
553
603
895
852
585
970
863
33
52
407
761
800
560
170
471
613
627
933
148
228
130
529
860
571
958
4
819
988
146
178
299
51
782
194
255
719
517
118
104
921
525
865
73
85
388
544
699
15
830
199
595
960
728
456
883
687
460
54
675
958
233
326
361
367
873
616
438
390
734
894
663
259
760
737
696
500
633
395
515
815
595
463
127
323
919
11
362
731
417
37
689
2
364
50
369
237
18
159
979
752
54
994
363
166
83
59
666
69
807
533
884
402
996
12
77
915
375
440
646
792
829
687
795
545
89
516
134
107
676
465
211
730
812
574
896
895
986
914
964
793
447
201
547
444
213
976
711
940
768
710
84
950
397
879
495
839
748
982
946
776
799
510
506
611
84
754
859
422
20
175
215
467
376
114
263
941
91
975
881
859
685
966
161
434
197
9
273
945
991
572
721
142
82
579
106
518
685
965
941
705
140
508
525
869
623
788
810
66
115
44
277
152
10
439
939
559
448
212
857
791
136
930
933
218
510
391
737
547
356
30
605
849
538
130
70
513
270
880
579
738
924
209
242
286
0
181
198
448
746
55
591
882
985
876
453
847
268
542
747
976
572
352
177
110
834
247
976
104
480
907
194
756
116
437
395
116
970
593
916
716
648
507
951
985
384
756
185
4
298
932
980
870
284
510
332
470
757
660
574
237
568
769
346
684
558
741
153
528
334
69
597
334
929
548
319
665
656
504
669
954
788
1
176
424
511
860
894
621
