1
521
469
858
89
590
556
125
148
297
278
28
631
700
625
965
981
525
637
646
181
493
667
135
282
668
663
706
532
524
953
153
397
422
363
486
364
920
963
864
217
594
892
201
294
870
518
627
395
507
273
577
1
940
64
283
960
80
341
844
604
294
997
1
68
713
839
784
633
802
0
202
396
893
755
42
115
274
669
510
781
294
439
134
586
856
769
547
936
111
743
892
757
741
245
178
454
84
962
439
238
963
993
987
208
749
29
323
375
51
185
508
345
977
643
284
833
412
183
121
875
926
13
985
667
610
163
473
46
125
264
284
440
258
271
648
359
653
323
86
56
509
594
401
838
589
37
23
354
220
144
581
147
509
566
166
119
729
992
165
855
256
801
647
866
73
296
577
78
619
663
134
480
610
887
670
551
925
693
905
145
837
487
644
698
53
811
817
783
803
334
990
411
136
637
630
561
285
207
991
257
223
477
89
833
364
760
736
641
453
642
139
643
481
783
341
534
594
511
669
749
845
11
161
333
1
791
246
286
350
237
895
573
714
337
758
431
97
495
72
902
489
563
545
970
347
887
504
293
398
526
395
595
537
908
929
890
51
527
529
401
765
424
327
831
761
437
614
210
932
687
113
421
602
658
743
949
897
248
595
647
126
990
243
15
898
524
906
949
51
435
702
168
211
29
0
973
467
614
535
751
653
648
525
256
659
268
557
556
868
152
204
994
494
799
10
392
323
916
693
374
703
396
543
914
777
895
887
244
861
775
348
515
423
873
123
434
141
680
991
10
185
547
356
679
346
366
72
21
634
117
747
337
513
290
252
643
537
491
887
399
266
587
266
42
460
741
476
602
773
819
964
958
366
320
638
64
39
62
437
673
531
185
11
397
827
263
40
365
106
279
116
373
867
734
767
327
475
243
281
248
63
245
559
781
918
549
198
957
963
635
630
494
820
993
891
648
608
931
365
715
211
833
440
78
567
207
757
394
802
39
994
865
636
553
999
906
102
197
863
65
184
846
912
5
839
803
5
800
735
370
515
298
203
307
728
122
866
485
516
668
876
510
886
865
416
885
771
870
434
987
288
618
185
200
623
376
3
980
176
90
702
691
388
905
350
468
379
216
954
895
885
182
758
771
47
174
8
171
396
442
158
684
60
343
884
36
719
240
16
248
330
719
291
71
976
642
539
356
858
845
603
95
28
361
866
75
887
874
246
284
316
756
968
729
99
205
765
171
445
781
771
127
852
62
198
829
704
90
537
915
935
492
10
963
206
229
39
93
103
637
729
772
394
50
501
845
607
266
368
52
399
139
179
252
202
730
433
258
820
322
173
755
814
536
719
20
765
110
466
868
747
195
992
493
597
493
339
204
111
59
608
863
199
788
115
753
870
900
11
690
222
537
445
36
73
516
57
838
978
523
58
726
70
51
571
668
896
910
224
360
322
833
223
521
973
690
274
843
590
637
533
812
174
330
200
599
199
609
437
177
132
848
903
555
899
827
223
147
89
447
507
411
632
730
932
605
772
558
448
362
548
333
526
74
664
79
674
863
688
463
40
173
311
296
728
562
123
951
710
212
750
569
976
735
300
908
340
72
819
141
787
367
474
665
793
490
744
467
705
433
283
746
606
594
394
334
509
869
637
219
433
739
788
409
474
440
670
167
865
841
308
4
560
782
669
353
273
414
173
978
847
456
76
805
402
822
139
911
43
128
482
829
867
623
238
342
63
260
509
280
101
169
284
13
951
954
367
576
368
540
907
567
996
983
372
750
158
863
662
201
991
144
30
858
767
621
552
183
233
413
463
687
582
100
700
886
54
67
462
774
959
369
341
307
705
65
58
215
928
720
416
919
216
799
129
336
772
34
519
5
447
334
44
382
434
745
268
488
164
730
614
124
452
307
431
157
372
841
372
652
913
140
923
130
291
405
466
63
439
337
421
238
671
465
620
106
562
888
946
727
971
913
203
423
220
986
580
945
828
304
949
741
796
873
223
88
278
689
503
69
26
276
307
50
742
928
156
656
168
454
383
139
367
586
562
588
573
494
885
753
150
834
494
947
707
718
35
337
759
890
758
138
167
66
188
261
346
696
917
514
150
301
6
518
239
568
458
164
415
343
917
565
177
764
864
237
482
251
926
593
142
685
731
309
103
271
570
449
967
839
315
118
492
321
988
732
242
446
896
9
141
166
574
670
930
791
907
764
42
186
357
184
871
441
845
974
712
767
775
680
607
90
150
99
764
138
183
6
936
432
367
429
598
293
99
528
84
359
644
127
