1
897
1
663
768
794
861
94
507
628
221
539
587
663
689
39
427
179
222
785
467
654
152
896
604
446
347
484
530
58
128
9
955
482
673
75
276
534
169
135
514
742
674
102
406
715
141
833
246
715
971
713
722
475
961
326
921
309
163
804
719
291
813
675
773
838
750
402
724
272
537
239
14
564
693
772
631
186
958
878
253
929
943
975
404
905
654
678
566
817
482
285
460
647
312
586
838
415
340
562
39
877
153
405
793
198
178
777
384
136
655
638
417
950
965
173
207
971
851
773
140
685
411
601
685
75
539
523
490
879
437
529
108
943
935
254
141
465
31
878
601
686
516
370
988
833
543
196
157
747
321
297
784
732
250
821
160
789
344
650
20
134
532
129
77
819
383
218
284
414
96
237
452
964
607
440
150
502
636
307
601
958
956
386
42
207
207
202
996
904
205
17
390
89
498
467
908
881
37
544
647
486
781
99
802
740
891
952
242
880
611
844
190
568
582
232
775
789
787
123
45
344
492
435
785
342
902
45
575
292
589
222
778
370
673
580
462
565
885
704
797
496
548
987
416
482
571
543
272
710
667
669
54
511
105
191
854
359
236
429
651
825
4
781
547
677
362
9
594
599
66
391
447
966
378
864
449
302
407
73
12
426
742
419
290
847
610
496
207
847
277
210
24
281
992
924
311
706
285
905
305
351
649
104
670
379
968
119
681
376
192
694
154
934
113
444
134
723
940
693
922
218
255
299
851
247
223
162
305
860
68
962
212
69
67
882
448
35
353
130
763
897
824
918
183
289
714
317
12
655
362
287
225
618
586
76
217
161
239
523
21
659
837
585
728
256
819
176
292
524
658
407
421
482
677
605
771
392
922
136
399
637
775
624
255
713
700
824
226
291
699
599
302
537
185
30
793
356
559
437
881
217
845
654
52
874
259
175
266
534
663
665
171
438
641
778
503
342
602
729
985
302
329
288
191
866
670
336
222
581
774
455
151
971
110
203
845
721
730
464
255
394
481
778
184
123
908
688
817
511
417
802
165
98
442
708
964
113
44
539
46
818
346
197
141
808
400
339
530
483
803
137
877
636
916
413
759
824
101
928
687
871
83
204
969
525
912
286
990
957
825
37
127
171
234
269
980
987
608
862
822
763
999
699
751
915
112
511
92
566
791
131
437
874
336
758
752
248
44
742
205
869
131
333
393
718
954
725
57
914
587
879
677
586
930
780
854
394
291
298
312
435
429
101
309
765
860
413
14
256
508
571
478
639
256
871
709
210
596
118
476
535
349
505
121
631
286
327
26
929
625
690
364
55
792
26
172
652
439
538
260
947
462
738
939
718
961
648
281
909
119
757
444
468
263
566
100
549
245
478
478
871
168
195
278
960
221
450
964
660
341
225
608
803
315
547
521
277
547
154
186
18
912
631
487
527
549
939
428
794
769
906
17
937
453
295
250
674
98
566
335
791
143
295
594
459
194
467
736
741
622
274
112
886
257
951
765
806
890
193
953
11
451
322
948
905
970
550
579
68
117
914
859
260
561
805
71
755
272
159
849
246
434
961
132
691
912
897
850
154
442
155
165
894
477
465
799
799
16
730
867
133
997
78
745
558
883
817
314
508
976
163
754
762
124
239
806
36
488
8
542
931
163
707
825
992
172
976
792
188
706
11
673
55
442
771
614
677
588
928
537
916
91
292
679
567
883
485
955
371
845
497
302
8
204
479
352
728
807
496
269
866
860
294
921
302
65
535
331
5
815
869
922
258
513
953
825
396
790
780
767
635
277
422
995
833
253
347
914
413
196
183
279
56
477
552
710
543
88
393
548
255
262
822
514
127
775
339
523
565
472
643
200
101
417
195
287
670
895
201
83
443
384
714
851
213
267
913
108
707
306
9
962
921
831
476
48
959
168
572
876
992
567
77
93
984
624
380
654
871
933
90
314
669
804
165
883
71
430
343
130
737
704
93
658
536
921
58
847
441
982
723
433
549
152
879
533
129
611
540
0
545
630
667
214
434
184
449
858
615
793
988
704
497
433
362
385
707
772
584
148
755
308
934
304
812
813
838
941
424
378
294
969
360
313
536
146
849
985
4
816
130
345
520
980
130
234
717
837
7
302
986
762
962
920
418
126
85
256
420
509
986
714
831
346
379
367
493
228
704
849
45
187
546
917
167
677
152
236
514
159
890
500
273
204
772
691
331
857
300
751
367
286
817
550
985
196
269
830
776
325
679
173
512
226
91
31
903
243
268
417
754
510
270
379
715
42
70
398
900
722
