3
170
979
379
473
850
809
360
226
982
549
168
952
560
930
300
943
780
158
458
302
203
926
581
940
716
533
239
741
460
970
648
982
301
380
455
151
189
167
377
524
717
898
476
629
180
128
572
313
286
382
615
841
660
548
781
729
81
21
822
893
343
471
875
645
203
682
148
392
849
878
268
918
128
744
547
660
224
471
973
862
205
940
703
866
488
485
947
921
858
769
814
553
592
41
550
795
723
51
540
925
929
808
843
409
905
743
69
129
566
395
992
772
335
47
990
176
532
289
97
742
58
264
296
651
305
846
446
29
897
986
306
178
147
501
939
52
244
361
181
163
756
525
287
443
573
629
619
457
918
717
200
328
981
496
979
638
694
778
667
592
116
973
122
263
827
62
315
71
423
849
586
531
726
873
974
299
502
594
109
420
663
309
749
644
805
80
282
851
858
302
443
327
627
918
590
454
980
258
878
755
459
464
286
537
338
260
837
192
206
298
613
869
607
714
865
764
794
500
615
5
154
411
684
133
329
626
588
661
236
818
768
695
634
406
233
324
18
422
517
225
720
482
446
679
196
312
443
342
164
410
699
318
173
383
451
502
10
391
515
246
209
635
294
196
41
879
520
60
301
37
637
373
871
83
404
67
747
199
762
911
609
461
581
783
197
33
637
559
424
505
805
986
140
451
534
534
330
54
946
631
444
583
356
315
18
760
735
118
959
849
29
921
662
611
56
859
996
45
418
772
550
576
758
43
27
644
929
358
699
875
341
495
810
50
162
180
162
249
298
474
98
328
395
113
291
803
324
287
848
95
59
751
671
170
794
50
814
75
760
865
950
454
712
112
504
875
292
666
476
943
140
927
623
887
40
914
690
716
553
539
811
964
290
482
134
436
885
301
511
645
518
813
99
231
277
955
458
569
974
934
512
114
213
135
354
605
401
44
322
954
935
133
271
225
968
757
13
853
58
876
850
929
689
302
160
966
609
970
888
583
256
752
50
470
240
404
75
641
800
749
948
736
883
219
313
851
976
327
56
387
555
258
316
597
560
828
563
522
798
803
105
54
556
507
876
796
911
304
789
64
53
737
800
936
308
465
139
285
144
195
672
700
454
340
297
366
168
212
888
966
16
346
372
924
853
601
720
117
905
861
181
958
599
333
247
259
798
386
544
943
934
568
643
740
908
292
458
428
504
347
746
520
45
119
444
898
720
516
15
977
730
196
935
329
881
534
588
680
273
485
623
207
405
618
299
666
910
757
94
414
456
841
287
501
312
83
400
384
952
767
361
682
316
648
363
197
535
303
229
808
140
204
367
546
822
666
212
84
423
658
851
232
851
490
733
515
573
485
899
877
253
612
559
921
261
274
470
796
578
700
604
718
904
971
616
727
989
828
163
764
839
366
996
42
856
730
558
782
567
809
659
172
422
219
93
683
493
564
831
423
264
787
142
168
110
758
247
99
939
763
863
130
129
860
172
986
942
82
768
509
892
427
34
314
998
127
349
844
43
180
619
659
967
761
180
429
872
779
528
163
542
743
645
672
955
817
10
897
252
130
759
144
909
793
458
260
272
159
456
668
339
75
327
658
189
507
87
61
287
967
576
181
710
221
853
18
390
215
267
642
697
378
138
607
523
948
867
796
107
323
464
446
398
143
456
939
651
895
352
290
862
928
471
925
501
677
943
892
892
210
886
590
589
25
549
112
325
416
260
433
91
76
231
841
220
688
781
223
583
133
513
798
414
984
723
915
661
18
159
906
580
398
496
521
775
397
986
100
813
246
533
256
675
765
449
895
805
582
118
388
716
983
186
482
967
261
397
629
279
909
535
860
307
383
381
82
780
367
534
945
966
68
553
641
185
2
888
990
585
6
730
653
989
917
135
308
530
884
937
810
793
824
22
452
559
403
886
339
123
421
636
89
489
189
730
26
192
618
16
129
976
746
782
317
15
269
625
898
153
915
708
299
91
82
751
651
485
638
342
960
59
979
49
900
168
131
926
712
101
294
193
429
392
327
98
760
596
76
658
102
343
718
401
434
800
152
85
285
142
428
598
553
759
647
453
927
131
731
992
232
25
185
14
418
513
112
178
461
188
836
563
531
554
316
318
354
821
755
991
963
535
589
517
294
589
322
574
720
54
566
304
79
103
318
849
968
783
27
782
323
215
345
207
121
14
525
827
835
280
171
150
816
760
19
110
701
342
36
773
396
602
78
827
58
748
677
26
883
56
808
207
624
506
414
745
520
939
573
707
571
96
857
387
208
877
850
910
571
886
683
