1
149
619
361
318
521
346
514
790
176
642
115
207
816
980
433
907
11
688
502
631
458
256
142
728
635
209
122
57
607
374
780
108
345
493
426
866
839
292
8
367
934
476
574
750
456
360
9
467
400
511
451
858
767
945
938
754
154
61
164
113
435
944
221
133
437
647
999
628
291
360
347
225
836
273
328
292
633
337
111
34
849
562
244
968
859
183
75
13
596
239
478
383
183
699
516
972
698
516
952
989
876
299
567
64
572
895
356
558
584
819
944
785
734
188
754
593
723
829
959
319
420
437
703
603
137
571
927
187
87
231
529
315
882
96
731
454
343
87
364
927
259
308
65
993
849
171
586
572
352
545
244
772
983
299
727
472
870
6
659
310
237
188
977
119
636
709
925
979
148
290
259
407
598
324
400
799
847
987
724
199
884
968
971
219
619
698
691
841
704
703
151
293
243
481
412
880
190
337
211
338
979
470
98
578
146
498
729
993
837
453
544
722
773
867
293
392
565
985
234
621
40
737
266
283
218
30
163
760
368
375
451
699
197
549
629
696
47
359
41
237
812
586
311
586
453
604
978
371
941
564
344
981
302
611
265
872
641
428
633
361
155
84
413
705
633
42
401
32
401
442
621
214
380
932
152
834
537
482
557
478
47
253
460
701
216
77
573
858
857
558
571
13
994
984
718
979
379
471
12
780
913
985
346
294
918
498
480
807
333
389
637
380
642
449
433
859
526
358
69
384
269
992
749
263
329
819
243
708
290
607
840
203
592
187
849
862
37
681
669
370
70
659
102
65
108
887
924
987
246
993
723
867
337
472
130
666
291
373
374
581
980
567
136
925
754
338
787
143
19
809
866
442
468
320
507
928
208
431
915
806
776
638
673
113
462
155
132
753
529
858
686
861
425
823
138
531
513
926
27
532
87
893
326
907
565
833
835
125
616
103
283
392
93
308
858
556
464
990
661
993
200
348
206
626
523
345
157
36
623
184
920
710
429
247
617
995
432
804
472
49
907
756
793
1
64
651
909
528
993
570
873
194
270
432
820
145
777
329
533
752
866
454
814
647
53
431
994
485
587
467
886
495
223
680
848
639
331
109
168
677
31
393
871
302
825
43
447
954
724
333
706
942
139
520
590
192
303
584
29
891
51
916
738
626
596
938
266
279
47
786
956
78
179
179
732
5
574
532
959
299
865
18
241
4
538
183
548
194
768
929
85
171
197
175
150
793
465
768
425
864
554
733
294
85
913
27
90
839
911
402
490
776
420
84
132
310
267
32
504
387
313
941
559
511
468
709
656
933
477
81
797
383
815
92
468
80
119
911
271
382
665
762
510
85
846
994
747
465
26
604
853
339
545
764
850
14
473
859
299
302
940
97
37
107
189
857
539
660
768
811
42
433
573
552
870
771
546
618
236
924
574
89
615
119
853
818
485
678
677
785
332
617
882
721
77
423
579
616
83
347
779
477
133
704
381
3
475
279
973
64
203
547
153
170
19
359
988
504
389
665
641
722
635
523
443
712
298
22
680
733
722
812
562
855
516
943
210
992
574
184
408
129
83
561
300
102
272
288
959
662
306
600
384
941
476
179
5
774
554
685
860
276
849
422
483
366
718
693
710
292
229
118
422
313
31
722
767
304
362
726
966
668
327
702
961
155
881
966
281
787
4
141
415
853
564
898
219
282
944
281
574
173
399
348
838
431
422
958
87
785
684
53
805
363
107
767
518
988
85
152
128
89
293
543
943
857
794
514
491
738
796
418
263
547
766
454
330
189
412
417
326
448
822
131
812
929
250
682
270
336
186
398
425
480
293
720
689
87
587
533
177
735
951
441
634
69
247
965
610
659
734
936
459
557
420
623
486
22
658
108
358
844
506
136
324
800
208
366
239
147
899
417
882
850
210
517
271
457
834
882
468
568
170
927
125
942
551
964
965
209
72
675
405
931
163
730
731
724
96
322
871
995
739
754
197
949
623
468
406
457
350
226
25
873
154
503
815
57
467
132
618
891
160
23
822
323
105
905
47
553
228
919
548
967
25
97
917
0
566
675
457
268
902
834
493
408
337
309
817
156
793
435
400
953
810
222
629
916
128
676
469
708
947
370
675
324
467
944
324
385
972
781
654
226
968
499
634
657
160
451
166
954
238
566
907
48
788
888
964
268
565
786
976
864
156
4
189
623
300
513
9
272
647
15
850
615
514
836
272
27
639
438
981
877
4
240
278
145
129
242
413
46
380
742
910
536
746
99
512
46
613
521
671
260
888
521
227
754
358
851
