1
781
997
642
114
227
646
355
505
143
836
99
909
882
480
651
792
16
397
244
528
795
857
401
818
469
641
340
48
748
50
899
881
399
541
996
626
540
703
483
683
539
583
592
421
63
595
565
431
344
809
312
140
18
713
958
839
707
650
887
455
700
139
336
100
32
332
78
572
387
562
608
926
145
552
699
560
148
265
991
492
426
303
984
797
369
295
636
76
945
876
883
998
367
219
450
399
904
528
324
291
442
932
570
587
836
269
499
336
886
843
181
313
498
165
110
219
460
98
647
758
326
530
756
693
102
206
93
358
734
417
1
177
701
571
116
889
841
968
226
727
811
407
392
661
924
854
881
385
953
528
143
279
411
251
973
513
457
418
871
543
187
872
720
888
796
189
129
637
509
355
716
320
762
461
333
687
315
214
424
268
95
919
900
506
170
225
371
627
995
242
522
182
466
243
422
262
784
551
251
293
907
320
965
21
781
298
60
96
865
484
717
312
755
969
818
277
194
189
256
189
783
779
723
249
374
145
864
158
696
115
803
955
435
768
329
568
418
389
17
635
226
734
947
333
703
765
611
249
306
867
438
89
646
513
691
20
658
555
530
706
22
333
14
810
453
343
378
872
84
395
507
310
481
455
644
536
572
255
785
879
474
575
320
121
88
11
493
98
918
24
805
293
357
819
103
811
514
833
35
598
581
894
261
62
349
905
599
274
512
736
505
338
664
177
459
104
541
953
203
459
329
360
752
686
531
207
849
45
41
884
995
622
131
256
36
832
161
635
106
25
724
963
364
388
141
175
492
682
480
47
493
809
407
246
848
938
805
49
983
846
286
979
468
417
587
505
249
749
492
708
126
568
671
842
308
812
18
153
494
850
200
340
12
608
586
860
898
391
261
234
590
547
565
410
964
152
267
214
253
760
922
380
680
945
574
989
758
944
142
604
795
694
944
807
654
882
19
553
626
280
787
216
828
352
978
144
856
246
710
110
6
632
490
38
930
416
27
688
361
521
644
156
568
941
315
222
175
334
127
801
614
266
369
794
970
348
939
827
594
649
937
952
634
779
342
564
195
370
604
556
243
248
64
811
541
379
386
717
713
513
870
328
132
240
122
102
940
61
929
886
63
866
190
697
645
532
261
193
254
865
749
850
465
814
13
7
193
751
76
259
617
946
587
749
538
61
851
830
475
781
68
538
999
258
235
997
143
848
190
749
65
291
951
530
105
965
889
651
716
317
910
333
264
849
434
154
262
286
985
737
419
53
627
770
664
214
119
159
414
309
260
479
953
212
362
410
529
251
61
597
921
323
283
185
172
717
691
787
355
676
876
774
82
504
897
98
70
16
609
485
678
869
964
631
433
326
41
962
930
455
560
851
778
843
388
303
560
79
90
916
108
966
42
542
822
939
992
893
308
601
730
986
822
694
617
256
373
10
570
655
465
130
858
596
973
598
899
886
29
341
154
137
659
196
31
482
488
23
727
796
976
457
134
151
503
751
407
228
113
977
235
579
460
445
175
785
395
426
671
425
119
177
914
130
374
946
964
214
321
691
10
650
500
144
801
356
247
560
936
360
889
524
291
349
969
818
135
365
596
158
790
715
336
56
846
62
2
162
276
676
854
638
326
706
134
127
414
733
39
351
93
928
875
737
278
196
555
765
913
152
923
55
219
611
112
417
673
466
580
301
142
786
939
468
492
73
947
907
158
986
610
252
267
485
989
545
33
896
662
947
48
585
2
620
549
466
37
222
933
617
876
75
403
815
896
896
241
195
155
399
534
765
3
801
602
344
698
635
241
360
934
641
297
937
261
846
403
299
421
336
268
297
764
672
112
12
920
705
207
427
457
93
192
460
894
146
805
592
781
398
952
716
39
250
5
653
448
760
952
869
449
572
166
565
244
631
577
516
688
136
943
145
230
487
606
476
633
763
69
767
161
373
835
552
975
840
205
424
952
509
645
401
82
812
318
678
795
895
195
483
32
138
629
614
626
587
90
611
350
511
378
863
237
213
415
212
405
621
988
710
482
634
111
564
798
782
243
945
677
438
428
61
928
409
675
906
996
118
518
698
629
248
561
866
462
329
431
219
950
419
929
784
405
393
349
203
175
944
148
204
734
929
266
662
338
941
921
687
411
791
737
41
39
651
907
853
980
690
73
282
110
354
66
515
747
415
71
274
711
571
479
445
500
745
460
191
38
381
230
450
172
967
491
563
618
750
417
598
441
490
232
903
844
299
770
944
66
193
218
778
765
697
223
617
442
35
808
833
416
390
