1
283
940
358
126
856
328
228
273
279
21
115
511
924
311
810
47
255
229
240
474
7
357
523
582
975
318
618
135
151
386
526
786
679
236
264
535
916
492
808
195
514
923
59
790
586
221
189
842
450
782
668
809
491
543
392
818
861
362
954
364
748
832
502
779
420
766
314
336
259
474
884
125
749
943
267
336
516
809
530
967
591
198
776
82
93
520
901
955
882
207
671
983
391
174
762
163
940
429
851
551
255
735
28
357
30
648
45
899
457
575
866
48
125
994
482
218
515
735
525
749
942
197
732
685
371
847
848
663
628
52
567
235
139
595
592
170
595
637
421
52
564
287
100
689
633
935
260
148
670
785
898
965
334
982
650
57
829
851
721
809
903
640
45
42
587
637
564
183
627
985
235
191
624
688
881
258
623
493
758
293
278
656
258
613
991
261
22
172
112
95
982
15
735
27
409
323
16
974
858
643
959
93
835
936
133
68
194
756
561
952
402
191
961
12
156
304
273
179
476
737
274
458
104
10
837
514
685
854
488
895
497
799
988
684
735
474
752
281
582
665
234
984
857
547
349
13
851
974
544
679
712
819
138
816
181
327
330
218
181
170
113
31
970
453
715
57
927
820
339
510
837
925
846
694
824
195
60
27
170
604
706
234
775
196
50
956
524
733
174
705
255
287
88
577
741
804
635
20
976
326
530
813
603
729
860
427
924
272
454
446
228
512
32
4
709
435
312
233
168
839
290
775
126
379
353
219
535
988
240
863
666
122
28
269
851
888
696
128
160
502
926
389
366
311
745
75
746
57
660
266
896
303
41
375
682
394
946
569
734
538
784
400
13
812
669
216
701
365
696
213
219
623
954
586
286
699
13
32
109
26
298
357
329
339
732
363
86
31
284
820
921
68
221
934
880
890
151
933
608
847
499
179
822
453
765
108
505
131
140
614
157
790
971
838
482
56
201
568
439
485
388
360
905
609
295
785
852
798
71
460
645
570
639
820
23
757
928
528
240
421
494
397
563
466
587
45
874
788
965
313
625
354
673
530
315
320
667
167
118
738
979
116
308
619
936
684
728
216
564
968
989
59
365
553
877
952
950
751
92
916
64
69
622
89
599
937
410
618
457
528
357
436
996
17
407
932
53
135
501
618
103
490
29
820
395
906
124
698
9
216
614
425
285
588
514
236
877
276
855
334
157
212
771
153
581
178
86
635
314
939
605
769
429
986
590
177
892
714
875
253
931
841
678
568
781
192
805
658
469
660
993
626
224
116
131
157
294
217
144
960
508
101
730
290
87
672
467
331
386
694
584
669
887
262
238
668
807
395
326
276
407
671
254
631
787
737
140
434
307
285
746
815
386
828
105
826
500
572
157
887
618
742
556
857
4
794
525
811
541
204
439
948
227
45
931
15
783
72
801
90
709
547
905
95
376
11
921
876
935
79
115
906
173
672
763
177
818
641
989
360
197
780
308
424
826
240
439
961
664
592
51
373
140
308
820
516
671
94
744
959
173
860
865
346
884
980
875
54
973
216
766
170
997
427
947
823
19
738
136
683
331
187
56
471
495
228
339
519
322
435
478
495
647
695
193
531
27
421
938
1
637
704
523
634
131
470
809
502
561
945
185
892
484
593
715
332
822
54
851
144
489
329
992
489
376
537
372
403
958
310
404
596
15
280
582
498
102
392
1
663
689
538
555
174
132
270
506
306
676
357
450
518
38
442
7
766
980
379
169
290
690
926
886
57
206
469
907
308
213
908
324
902
799
879
76
931
502
934
237
178
291
39
696
681
834
703
447
166
83
969
456
125
895
343
182
453
164
89
113
377
350
437
631
149
669
708
432
171
642
21
349
286
60
46
319
894
749
119
60
184
88
869
309
983
564
491
788
728
933
901
457
283
691
440
784
360
148
216
531
143
589
880
781
649
926
452
896
28
571
308
212
659
177
522
994
741
365
134
821
650
388
630
285
79
71
69
439
571
637
970
66
226
202
199
228
481
652
124
509
575
784
73
587
962
947
933
55
665
68
229
315
456
211
601
535
282
22
326
206
660
648
272
238
850
824
466
683
476
942
544
51
727
618
638
41
917
572
448
934
640
677
250
448
241
203
335
875
225
661
81
237
661
706
828
863
530
646
547
6
589
91
409
668
61
48
709
331
972
157
265
964
187
867
412
428
70
99
655
648
760
737
237
773
795
417
636
325
64
535
683
653
979
92
673
40
492
382
723
816
891
341
780
430
208
544
210
631
995
866
631
107
955
868
880
750
286
517
427
350
52
