1
110
355
31
554
380
424
399
762
499
567
5
840
348
788
49
244
350
680
240
216
311
347
523
531
580
273
169
97
700
871
501
162
226
885
717
606
661
468
720
160
35
78
1
735
218
402
332
568
82
924
137
745
623
660
628
203
286
798
652
338
669
154
501
248
391
570
206
52
38
279
212
73
709
565
161
927
967
493
847
401
417
984
498
40
997
127
596
283
925
248
621
946
402
474
194
145
44
753
197
82
32
762
508
741
327
21
20
647
514
867
48
283
204
547
675
201
26
271
836
303
520
809
249
274
284
796
420
680
549
617
115
933
731
623
674
59
996
46
58
862
913
106
145
469
5
172
670
31
444
858
686
316
668
936
590
304
732
362
984
633
980
99
566
63
74
240
122
70
638
180
932
551
639
429
21
996
602
43
380
398
902
66
714
922
2
656
226
86
19
210
719
351
662
285
414
736
525
889
159
515
421
443
67
60
873
440
57
827
835
437
577
89
503
291
11
858
299
589
944
670
152
664
21
814
949
436
902
827
677
61
342
98
505
761
159
730
553
568
557
389
357
134
478
212
777
490
70
428
431
15
99
583
679
120
397
980
908
652
807
585
713
502
684
218
263
195
300
817
115
857
206
472
343
36
684
472
878
107
901
310
122
0
893
153
472
643
485
381
295
293
318
360
795
354
931
410
901
231
227
16
441
785
840
784
822
877
257
700
984
510
362
458
510
256
963
982
251
448
715
898
93
34
258
240
740
541
651
642
773
230
658
214
16
851
350
190
80
607
242
64
117
605
874
979
213
837
314
464
637
29
714
731
415
324
323
156
866
974
798
639
557
808
205
573
11
555
115
91
515
357
507
984
962
381
964
527
570
630
343
560
659
57
291
427
382
966
583
600
941
733
591
498
893
796
423
257
351
538
348
218
247
856
203
562
589
519
89
160
149
433
720
160
842
363
587
576
329
522
176
622
607
767
472
853
563
247
110
267
137
458
485
385
666
40
947
256
559
388
768
708
821
840
221
16
555
808
592
236
683
769
859
642
536
683
495
452
931
605
719
68
416
556
453
82
597
752
690
156
141
810
217
314
650
438
330
205
598
923
794
633
44
653
276
580
336
771
384
619
729
103
688
145
12
141
579
609
246
270
117
739
80
334
405
83
124
736
640
723
11
434
708
55
439
984
987
776
756
372
395
485
827
435
630
839
929
561
800
175
831
918
914
264
604
319
347
81
407
339
156
770
774
864
177
213
849
517
341
605
241
89
442
68
524
424
260
453
985
412
980
169
682
894
433
287
566
132
368
325
471
524
448
597
740
625
811
589
142
152
546
383
593
988
804
118
764
416
923
750
180
904
271
863
150
56
502
68
188
222
394
11
98
194
609
838
819
772
428
314
276
974
697
870
315
853
988
79
621
263
181
802
167
452
665
318
508
167
738
48
389
484
60
487
678
21
677
498
793
105
164
69
432
213
939
99
67
279
178
688
543
712
842
62
164
507
732
25
26
471
73
767
307
485
606
986
506
284
836
299
741
0
721
173
213
12
272
632
292
803
673
187
515
515
601
31
375
334
56
401
157
130
169
464
615
775
802
474
59
638
125
153
990
846
326
556
859
951
540
503
106
213
42
621
81
643
652
456
329
61
857
838
191
378
655
158
154
457
984
565
448
110
718
438
308
397
346
519
700
887
374
806
100
416
779
181
412
783
989
741
844
847
932
387
577
587
898
83
44
882
1
492
344
719
283
653
468
629
172
168
516
547
326
969
315
105
502
727
889
492
821
733
691
753
473
268
692
371
352
736
253
353
581
598
424
216
603
245
845
775
765
714
674
92
35
342
197
537
69
438
381
242
172
72
347
997
693
39
368
45
128
621
750
709
571
526
277
174
123
474
302
889
540
328
981
575
670
530
465
740
321
846
334
845
271
682
842
964
73
210
361
201
183
463
262
755
989
539
281
113
14
583
354
906
912
335
482
582
217
947
674
538
145
361
383
416
43
225
732
116
787
93
670
971
556
932
726
898
824
7
363
190
943
717
96
855
404
930
789
973
229
816
864
375
177
247
143
572
825
876
40
612
321
710
583
230
995
661
480
171
21
843
361
964
912
809
171
316
92
312
289
321
128
505
48
657
753
544
229
930
772
622
894
93
684
830
675
679
491
155
202
864
998
915
828
910
725
351
578
817
664
220
490
144
725
539
802
830
83
383
112
855
357
7
300
42
189
976
73
32
131
276
897
482
191
77
744
268
429
323
437
93
895
928
589
620
819
391
803
902
127
915
