1
109
484
274
761
526
463
737
952
496
221
228
393
55
771
470
799
40
251
474
829
696
369
757
286
990
576
677
145
830
156
60
939
641
335
53
519
798
790
823
646
363
51
39
418
175
862
218
567
465
44
396
162
414
154
448
756
82
125
901
913
634
961
204
627
648
257
498
447
400
322
93
763
725
485
534
900
699
104
467
164
148
864
326
562
370
774
670
452
252
571
365
886
885
570
865
885
827
363
684
579
685
778
343
411
615
877
311
666
981
131
830
129
995
509
44
365
635
714
169
239
638
535
477
875
457
342
760
636
706
445
216
391
575
559
154
542
788
818
208
769
949
390
250
296
251
646
13
887
361
182
126
351
717
604
578
174
298
690
811
4
135
27
748
62
938
902
956
726
720
164
847
21
907
97
317
158
744
682
397
457
865
876
160
934
832
738
461
130
428
272
487
916
651
235
330
941
489
287
667
562
803
514
583
710
963
253
221
59
935
618
516
152
846
676
87
678
766
548
161
547
172
648
463
175
883
793
116
372
80
135
286
884
1
870
946
964
123
167
24
410
138
892
563
336
921
650
15
39
198
528
586
722
176
49
897
411
195
365
135
627
500
422
863
501
292
810
817
767
329
193
529
819
86
92
156
359
94
523
398
644
51
985
366
579
386
615
990
933
980
477
561
480
899
776
333
543
938
151
662
268
696
192
439
782
284
595
493
379
470
892
23
873
229
742
452
615
357
794
901
338
272
462
170
171
238
504
67
177
7
729
797
703
921
236
838
558
184
331
937
6
575
312
880
804
406
684
772
764
479
673
454
103
487
624
626
77
480
693
606
487
423
403
543
344
992
381
254
528
64
191
534
640
856
766
796
614
451
568
378
282
241
184
385
80
809
11
158
641
705
764
481
480
520
24
176
864
757
431
392
173
974
278
813
182
45
610
797
848
530
175
130
124
712
867
204
521
230
362
514
935
479
995
767
999
371
944
863
128
727
607
654
701
237
467
884
634
429
681
482
312
208
964
436
920
183
992
793
414
707
308
701
186
655
469
537
27
765
752
507
492
711
161
193
948
981
429
583
762
462
65
74
23
382
862
295
565
855
89
331
562
749
33
100
404
502
637
783
267
741
643
111
452
804
304
400
137
86
983
900
548
401
326
571
135
189
867
52
396
308
384
310
57
417
410
813
271
399
949
890
140
592
1
592
748
305
992
886
743
328
138
292
729
464
215
216
5
82
268
401
742
652
711
151
421
473
965
692
872
266
582
12
858
583
604
958
241
949
844
984
629
982
628
710
799
844
926
804
926
194
558
21
199
621
172
620
95
137
313
967
755
247
332
965
183
288
924
424
589
120
760
218
103
389
928
254
585
854
58
863
49
968
884
248
590
57
220
37
546
533
4
302
133
688
267
316
977
543
740
918
664
852
137
119
593
65
373
178
920
783
42
321
752
926
921
342
983
141
731
882
27
87
184
160
776
803
476
105
347
568
23
363
420
160
482
366
578
855
544
498
638
938
171
742
217
92
436
200
585
167
434
964
255
618
124
31
774
952
488
473
520
511
836
293
24
318
11
602
525
555
452
163
846
623
906
63
67
694
615
4
862
50
969
117
668
445
500
794
398
988
267
270
851
103
915
227
421
926
829
946
834
281
462
680
256
720
95
675
414
710
680
628
760
1
97
781
446
597
575
196
937
195
819
141
298
734
368
72
13
550
370
199
183
184
879
440
256
326
115
671
36
795
651
797
148
749
930
595
346
505
791
636
700
610
777
351
697
497
423
710
47
145
909
231
330
140
23
586
466
138
609
854
286
261
651
434
362
581
381
708
439
525
696
491
135
825
842
184
323
617
246
722
763
507
305
445
999
328
383
817
819
993
672
457
606
675
243
968
257
625
28
48
150
725
539
637
902
382
822
577
999
420
300
114
928
957
559
927
286
943
745
457
288
769
914
246
444
509
214
701
134
594
101
636
671
641
626
574
375
800
151
726
220
803
841
148
761
752
428
399
47
525
856
687
294
122
933
738
631
499
792
118
94
893
754
117
886
380
691
261
532
195
988
753
998
181
253
111
933
681
510
333
558
718
20
852
840
954
943
824
805
735
942
251
628
48
369
515
429
60
128
961
607
116
66
958
297
320
69
583
353
932
916
912
650
936
116
843
242
59
667
400
794
609
651
775
657
20
642
438
433
770
752
392
239
170
350
888
490
420
471
196
704
739
460
354
28
576
549
270
988
216
22
782
177
674
909
187
46
903
977
831
26
81
224
265
252
574
153
94
346
