1
977
642
50
716
102
757
744
31
658
367
19
227
389
153
404
415
63
943
814
318
273
645
344
354
221
609
606
796
115
53
494
92
695
897
160
798
654
905
829
312
624
200
539
13
353
296
781
768
591
595
87
864
592
431
219
814
393
177
962
508
230
456
952
278
353
112
76
359
369
257
24
993
457
915
7
162
563
140
931
155
735
370
371
679
801
590
493
194
120
807
54
702
264
6
980
969
471
408
681
840
17
705
834
826
972
193
989
536
333
272
43
420
642
414
99
443
357
945
990
477
104
396
531
368
403
864
690
226
272
371
66
290
428
900
468
400
445
457
288
778
729
331
550
371
746
2
167
103
299
157
932
403
905
815
124
308
679
814
534
952
537
953
594
317
205
62
69
651
872
358
781
601
41
684
325
787
686
844
242
985
1
526
740
906
342
864
567
21
30
453
325
919
758
271
236
964
686
658
967
558
16
748
511
57
432
188
197
470
32
439
807
385
318
548
644
660
412
211
681
795
16
359
714
775
630
303
91
316
961
58
874
329
806
738
738
591
926
287
61
959
79
221
344
397
769
988
57
533
551
90
680
568
449
395
695
80
50
786
396
363
844
623
44
2
713
134
593
639
422
7
598
501
228
943
250
349
283
307
234
835
749
915
403
199
662
450
631
712
236
379
427
80
2
471
82
715
605
28
707
379
35
305
880
615
600
130
316
884
789
550
71
539
817
474
90
479
924
721
543
512
100
322
944
455
793
26
522
751
406
229
130
793
887
363
408
839
845
76
75
635
979
146
526
796
972
616
628
896
689
523
760
789
846
704
244
991
83
119
94
489
348
225
283
587
940
43
427
785
120
502
772
99
649
298
247
621
266
875
870
955
751
982
97
597
687
693
940
770
812
35
259
513
612
894
452
552
938
231
689
58
734
462
509
735
112
756
708
731
984
930
38
735
913
487
684
952
181
976
74
345
363
333
210
327
580
663
231
518
246
921
928
980
735
437
67
199
545
128
930
881
410
321
968
675
808
4
627
341
981
701
687
696
387
249
24
967
264
255
485
511
176
413
843
263
202
263
463
99
391
745
981
801
418
949
477
227
954
456
920
287
158
959
983
897
209
7
216
473
263
701
336
791
466
180
55
20
443
870
119
186
967
100
339
386
402
816
613
356
625
885
643
135
845
978
32
54
986
248
879
601
301
568
744
119
748
799
491
543
21
610
729
989
63
68
375
465
237
340
173
214
225
168
349
70
146
733
476
132
333
708
85
634
276
830
105
376
981
596
919
3
558
0
344
973
420
719
438
9
411
963
223
636
131
924
59
278
657
887
410
990
947
848
976
223
678
433
599
659
381
870
662
940
222
6
265
995
77
704
356
488
19
932
477
151
856
888
429
866
127
191
208
75
39
537
298
717
970
250
377
704
472
391
996
47
750
261
42
827
317
398
668
337
330
497
488
539
385
917
405
512
460
613
939
500
150
238
569
473
840
298
177
312
690
173
711
792
786
753
971
104
504
639
441
834
488
281
725
225
550
130
738
10
96
29
862
598
267
432
71
459
730
600
124
772
125
835
916
912
941
888
368
445
879
161
631
368
442
357
593
344
487
683
354
935
713
217
534
332
1
957
792
83
558
268
208
35
103
124
299
44
12
19
841
892
180
473
612
974
182
205
318
669
889
673
957
954
242
491
286
595
448
430
678
358
698
886
746
802
363
45
198
727
65
40
971
597
865
583
572
47
789
890
68
30
915
25
984
509
516
622
104
317
53
135
27
103
373
773
905
736
171
456
464
588
848
435
185
713
371
109
112
160
352
180
542
267
558
878
129
426
500
233
743
905
720
123
9
94
896
266
830
419
722
646
7
922
434
545
987
805
654
99
317
358
632
859
626
190
737
107
616
589
340
712
847
61
835
856
507
83
122
689
503
197
688
862
471
122
407
459
279
414
910
596
772
542
807
750
732
896
209
701
485
550
413
332
963
600
540
822
683
15
511
538
564
199
753
35
321
512
494
600
926
405
548
51
299
355
153
32
251
363
733
89
265
498
773
580
450
314
402
133
329
913
24
893
113
777
280
786
289
775
739
568
532
639
971
831
995
476
215
598
191
300
39
456
150
813
388
600
479
790
86
808
56
110
53
521
239
333
659
880
460
398
448
344
390
771
528
737
248
95
335
439
396
727
248
898
540
636
499
371
779
937
531
835
47
584
708
638
269
367
518
82
118
319
426
508
442
306
245
690
402
580
482
150
659
730
48
199
718
547
570
497
484
101
684
883
37
392
