1
873
659
760
744
741
878
415
167
386
857
474
631
548
876
563
382
26
223
464
426
774
182
974
697
680
810
150
716
46
188
109
271
847
221
15
588
99
430
107
837
640
933
468
540
161
383
922
539
958
386
966
733
568
292
782
600
454
932
317
500
472
778
124
671
999
139
611
450
922
719
287
562
4
107
454
166
490
376
705
801
114
671
534
682
963
316
635
418
600
304
270
73
434
394
744
433
886
356
883
160
75
522
74
431
629
528
597
471
256
303
272
370
326
158
404
642
474
391
60
75
695
682
500
481
429
244
914
667
600
149
827
27
23
253
459
652
781
408
476
389
711
748
759
390
907
515
32
733
907
444
160
954
126
660
436
555
257
702
222
857
852
401
237
227
654
696
232
787
456
708
176
520
808
287
910
715
803
942
801
710
386
313
16
864
974
452
772
231
155
346
440
359
748
677
586
754
725
818
542
182
878
70
702
687
710
964
754
513
906
555
575
644
869
591
508
195
44
632
778
551
979
570
910
727
248
848
481
325
667
375
859
545
798
913
232
508
877
339
373
135
894
948
131
115
891
992
662
287
624
792
838
603
363
100
330
963
949
164
288
616
891
500
513
689
765
98
549
995
437
922
130
683
222
614
799
114
606
813
753
230
606
592
186
969
44
516
932
993
32
572
961
276
424
475
965
190
925
515
185
362
789
667
397
12
281
548
478
887
362
231
470
320
175
656
289
220
524
573
213
909
497
527
185
922
2
150
464
279
17
649
993
807
668
390
171
950
939
649
189
653
880
659
973
408
667
614
628
192
187
193
453
36
720
638
310
74
140
774
353
158
775
346
317
444
89
840
746
28
489
935
33
721
947
6
481
614
620
109
158
159
655
611
547
727
249
858
802
390
984
507
900
760
206
569
556
295
409
302
675
250
237
60
971
184
66
805
151
38
914
309
549
921
921
96
1
522
306
803
912
291
662
164
403
220
85
959
867
494
613
894
96
850
954
420
387
20
225
538
410
139
199
959
413
120
408
414
995
714
569
259
5
583
424
408
804
509
719
671
356
332
566
452
535
872
872
274
893
97
812
655
589
11
615
354
484
23
768
479
89
689
738
95
272
514
855
428
376
927
100
732
611
18
536
146
890
409
420
135
858
584
791
447
948
758
153
784
133
921
263
222
962
353
669
235
220
877
663
596
156
115
680
767
485
216
914
728
977
686
863
188
271
6
987
219
116
141
3
249
62
618
824
377
323
845
612
543
74
627
491
230
743
523
998
580
92
264
308
421
950
524
609
573
530
597
792
999
738
147
248
152
765
424
529
441
622
493
336
696
121
828
279
216
703
629
796
795
245
457
217
195
981
178
769
863
775
913
862
865
61
463
370
178
887
899
619
861
745
956
910
218
136
189
434
839
170
582
987
415
391
204
962
372
734
83
236
510
997
98
727
410
561
97
940
801
349
560
662
94
868
924
312
356
113
98
195
635
32
534
50
424
90
13
796
825
448
384
335
445
835
62
207
748
160
148
549
861
60
564
955
928
488
619
284
954
69
831
589
101
366
992
525
456
357
674
281
805
410
968
603
245
383
810
994
895
958
895
756
18
811
711
298
652
682
934
606
751
766
547
852
132
891
730
940
248
756
574
406
166
542
9
764
925
819
110
820
130
5
928
500
817
991
151
469
673
85
427
424
851
326
629
335
218
711
276
818
467
202
224
985
744
233
101
22
405
211
194
887
569
123
387
738
114
890
559
140
976
986
916
827
664
545
515
882
256
791
53
75
345
277
413
89
863
514
463
620
78
10
507
647
485
246
385
599
137
944
91
113
282
8
292
946
905
807
181
162
950
234
589
295
863
354
737
78
869
200
698
299
210
205
298
695
452
35
647
589
331
90
54
613
98
346
911
4
154
444
518
104
678
459
400
894
814
137
972
35
689
671
334
252
876
984
299
680
19
298
621
350
389
675
315
839
22
226
195
176
671
65
632
701
525
32
595
691
521
920
726
563
591
412
167
819
396
466
500
767
117
121
117
858
797
432
697
171
10
245
699
681
310
331
735
835
716
682
526
589
602
604
152
545
368
671
365
116
490
217
883
607
690
0
465
487
784
514
10
795
759
709
476
70
41
211
257
757
894
136
698
848
92
203
394
461
874
759
577
364
328
461
971
18
813
788
858
598
655
868
393
766
578
221
836
971
785
446
80
679
934
778
879
26
981
273
839
856
384
417
572
712
230
896
731
395
36
589
993
691
457
738
458
387
960
646
710
745
444
790
776
378
921
655
757
