1
902
929
596
110
665
365
683
378
595
931
109
991
967
50
336
659
507
75
469
247
35
467
957
132
912
748
908
290
669
915
399
923
196
996
386
862
361
421
240
309
352
701
652
319
751
988
330
610
415
151
857
802
619
815
934
531
915
194
173
936
110
573
211
306
569
597
168
282
18
760
591
722
461
595
42
212
584
724
823
999
876
680
154
495
847
88
378
114
283
903
402
745
476
614
51
397
563
572
32
934
332
623
656
794
219
50
358
155
127
181
506
3
214
660
850
413
101
228
880
384
131
634
129
960
600
532
709
164
104
741
450
789
717
106
935
288
509
293
443
636
827
301
991
393
962
841
158
63
421
390
799
904
25
280
864
625
812
926
141
269
667
591
58
384
50
345
672
911
990
467
547
817
769
538
562
83
731
73
146
152
463
297
56
840
577
273
466
741
199
959
10
218
903
420
955
305
765
979
216
756
447
115
925
216
653
840
299
384
913
797
888
728
446
296
569
23
569
387
764
120
698
127
691
601
547
646
258
665
625
474
773
72
589
698
640
594
890
291
330
155
440
218
884
886
515
453
261
436
192
378
909
890
505
600
492
52
598
750
69
575
577
842
0
518
893
640
465
783
284
795
939
76
366
823
315
233
628
576
21
820
954
930
710
811
882
554
216
832
657
285
408
234
128
408
104
21
400
921
156
684
69
95
761
435
270
76
20
898
4
41
718
311
324
781
122
558
335
338
391
992
624
799
578
104
207
35
125
607
956
281
292
25
729
405
812
999
833
832
250
189
226
968
500
902
749
623
460
437
961
851
429
937
650
8
41
857
43
518
465
351
152
109
377
881
866
189
232
51
374
482
240
952
803
741
854
904
716
314
341
677
166
123
615
816
483
8
674
878
527
491
229
31
952
606
912
170
148
496
221
874
979
813
826
134
906
680
38
622
994
732
300
160
855
267
977
338
275
3
216
154
846
797
185
150
404
449
320
904
298
893
778
629
58
604
763
965
284
801
587
278
885
239
791
740
506
120
78
134
475
646
640
673
444
178
823
200
979
495
104
277
740
234
906
798
838
669
763
474
823
703
104
708
942
895
449
801
367
879
935
842
878
927
515
322
105
690
874
85
185
978
362
925
564
269
76
402
290
839
228
113
542
332
822
837
580
623
638
299
502
573
142
380
852
9
54
958
700
928
395
885
258
109
163
822
378
239
224
21
430
804
134
325
489
308
162
69
931
800
368
786
725
862
166
929
872
573
887
924
501
634
161
760
744
324
582
474
915
159
495
698
963
630
23
452
938
537
873
222
689
594
8
414
808
174
343
680
747
583
956
601
217
118
361
313
794
295
788
710
454
283
760
770
265
783
574
556
672
800
778
361
394
786
775
202
312
470
235
412
405
191
13
975
661
726
288
456
21
76
518
828
712
278
950
977
413
524
533
85
324
311
446
70
449
573
625
762
395
860
174
801
403
539
776
65
265
64
521
638
493
39
466
205
669
416
534
82
941
420
167
617
83
965
688
533
538
313
295
285
525
821
86
928
712
214
345
977
279
866
615
124
257
82
681
926
850
215
360
143
635
879
761
719
844
801
604
734
466
251
20
343
72
458
623
136
673
969
113
304
187
80
428
445
514
109
723
365
676
84
508
664
315
621
735
512
774
339
246
592
590
618
935
14
429
911
150
102
880
615
758
67
695
186
864
210
647
940
575
675
24
435
339
691
57
74
203
183
765
802
128
355
772
63
721
201
974
871
655
206
486
413
626
534
951
490
744
950
430
319
626
806
106
317
498
515
744
53
699
509
855
827
217
628
242
938
829
569
162
485
127
0
898
753
534
202
596
630
152
26
301
130
185
408
448
35
923
192
88
974
53
944
153
622
572
748
913
753
669
75
238
796
427
489
902
314
43
498
944
195
524
598
326
61
6
774
96
281
318
185
608
723
481
113
346
53
861
259
806
882
686
397
679
465
238
581
779
281
79
76
828
955
674
154
369
32
280
465
665
950
650
625
674
131
739
372
536
952
983
695
835
21
444
866
486
34
799
618
667
230
694
495
185
720
650
554
104
282
372
121
233
374
747
259
858
838
983
746
790
966
441
977
987
237
843
473
271
994
443
938
224
489
434
762
209
436
668
665
718
40
139
951
415
886
562
625
724
545
371
866
511
813
196
850
402
391
676
674
386
119
964
610
609
750
372
170
186
41
836
257
433
975
560
848
213
123
473
289
668
845
155
532
10
703
382
764
95
58
790
481
178
755
443
787
505
816
957
44
209
145
301
642
