1
472
861
843
685
336
668
326
5
513
834
889
875
537
271
640
632
682
430
113
212
537
557
351
395
725
660
791
934
806
92
928
630
305
771
668
994
440
994
351
305
828
240
533
366
863
525
350
545
955
464
109
845
373
460
240
450
121
383
736
279
827
664
909
132
436
577
478
228
924
829
533
752
69
66
470
933
591
821
830
899
637
940
744
362
400
336
812
521
719
900
152
546
564
62
30
352
991
861
580
915
690
114
20
760
532
842
45
124
663
875
375
652
167
471
14
568
159
178
441
230
78
594
128
995
8
158
347
351
371
928
619
62
394
639
822
278
481
219
754
497
94
129
149
614
952
164
182
111
342
975
341
773
921
469
768
281
980
115
633
351
395
252
413
141
243
587
772
724
806
526
221
253
8
723
867
960
887
401
72
581
728
413
706
650
235
474
931
215
942
916
566
689
168
332
183
411
919
955
488
78
481
61
331
489
784
550
450
23
951
522
605
679
287
663
681
522
138
965
89
432
881
656
121
402
340
304
165
611
259
653
689
93
715
372
582
851
922
384
875
225
258
832
257
546
495
938
420
985
255
510
417
137
518
891
891
858
547
56
469
807
710
511
252
777
883
186
628
158
571
855
735
829
687
992
727
535
283
148
520
538
658
938
27
176
181
918
386
728
975
855
887
37
718
139
814
602
326
794
112
897
2
847
78
689
192
806
224
827
954
97
717
612
387
745
140
568
15
526
296
342
733
536
379
452
675
545
406
353
692
518
250
694
717
329
735
261
487
312
88
441
409
806
405
148
551
545
716
918
423
364
261
508
900
992
960
928
538
366
281
582
236
884
276
306
565
11
567
52
675
656
493
84
462
250
232
365
147
300
635
570
17
896
78
269
241
391
197
779
757
831
713
346
715
341
652
280
704
219
332
380
227
177
464
41
427
49
406
574
701
42
144
718
290
574
988
531
965
537
662
75
368
375
773
83
716
777
715
773
348
47
153
576
224
969
617
3
370
376
577
72
770
73
142
412
0
482
944
965
20
958
392
740
686
165
176
754
942
891
527
291
291
680
219
867
650
836
871
20
564
448
444
334
874
587
747
874
69
43
191
441
1
584
182
687
101
710
794
396
601
321
39
244
2
258
112
4
446
983
24
11
783
469
697
657
408
796
531
477
191
75
271
193
659
805
232
112
515
26
508
468
700
547
713
702
805
825
706
604
160
82
967
943
903
664
953
311
813
836
141
4
911
412
549
570
217
782
35
84
160
543
552
860
91
265
914
248
442
972
852
602
55
819
898
958
836
851
622
649
687
763
653
599
175
203
521
744
337
556
828
849
100
732
710
543
350
976
143
792
949
348
747
4
167
645
314
355
496
288
356
183
51
362
134
578
917
8
674
254
564
502
103
16
587
165
911
937
142
55
81
443
403
828
447
922
473
113
278
321
754
986
505
805
348
991
736
265
999
410
519
564
265
975
932
852
492
844
789
986
251
870
429
654
699
228
928
524
694
558
846
448
545
703
605
893
694
341
159
46
104
30
962
369
357
894
221
202
90
362
540
341
584
970
347
635
550
276
160
596
834
358
44
731
61
2
625
107
343
136
153
447
518
115
168
876
362
389
430
452
103
970
794
688
292
141
323
843
769
835
439
956
545
836
687
606
838
312
66
533
800
219
981
319
687
149
547
49
891
329
501
346
299
647
386
592
141
62
787
910
897
578
866
443
414
906
401
252
570
467
786
371
39
119
42
726
620
589
775
863
270
628
210
569
276
948
513
417
10
300
679
260
879
546
55
645
804
456
898
374
276
36
745
315
507
787
393
127
728
168
343
998
796
905
920
72
853
433
841
864
734
521
124
965
419
179
610
223
987
860
597
263
248
695
930
755
482
323
235
563
843
578
913
640
835
833
64
40
267
906
904
353
779
380
670
198
911
632
421
899
493
370
514
741
65
797
497
900
120
84
463
964
14
728
956
849
562
20
889
181
278
146
886
57
878
556
607
790
188
380
41
33
751
907
775
168
704
624
68
177
60
883
493
74
612
801
275
526
173
164
707
452
662
593
861
541
501
821
683
41
201
724
75
304
983
202
473
40
178
893
217
238
777
62
664
741
863
939
267
36
455
974
840
118
919
702
11
420
875
694
813
76
770
888
733
753
442
206
793
972
99
362
210
228
424
226
969
639
165
236
676
973
210
516
443
481
570
454
901
797
500
67
874
270
307
607
375
750
165
521
722
616
883
285
845
660
511
166
299
29
403
327
2
965
196
445
447
118
251
700
916
751
