1
767
142
373
75
101
748
177
618
269
251
234
505
888
431
517
400
598
168
781
353
496
783
318
44
580
117
514
831
818
782
934
937
924
307
364
377
55
893
995
677
145
582
182
33
13
699
785
963
219
918
316
67
53
987
111
633
104
626
816
274
408
750
564
685
57
280
62
465
174
410
142
671
992
676
56
5
727
194
321
946
112
637
14
166
976
477
799
433
103
968
707
864
718
623
901
128
904
963
945
430
725
87
101
717
115
509
75
842
703
396
140
816
385
506
982
362
984
133
147
439
101
854
655
172
830
556
652
734
872
597
516
597
36
969
315
151
478
390
345
182
138
837
998
875
344
332
589
328
465
736
119
919
943
775
443
773
331
95
859
203
44
375
801
432
344
468
935
822
858
632
356
348
469
706
223
165
38
813
493
856
549
965
127
492
740
570
617
71
17
476
627
413
851
428
845
547
896
780
722
106
412
78
454
233
785
29
399
175
842
244
31
744
209
158
588
949
80
206
373
97
34
0
862
238
780
707
785
28
839
507
134
603
938
940
837
75
969
588
250
164
832
282
260
42
792
848
343
873
406
716
322
441
68
185
679
848
244
816
228
84
676
362
39
614
654
876
689
976
816
939
492
649
573
752
43
366
952
738
239
711
807
913
504
875
98
183
76
343
999
304
779
27
19
818
641
673
47
682
1
863
974
493
864
547
597
907
913
902
998
504
613
805
770
117
32
868
652
108
563
3
765
342
31
136
513
24
809
560
707
163
423
681
656
288
228
606
547
494
508
545
350
121
350
120
590
735
341
242
195
904
597
960
599
628
96
112
653
258
24
360
421
447
393
429
87
973
35
635
819
543
532
170
16
235
642
958
970
335
552
165
592
150
478
191
778
926
655
783
536
679
495
309
478
888
739
566
862
126
553
33
22
437
555
390
672
198
349
994
533
901
512
477
403
342
20
182
268
675
965
805
706
813
114
185
701
205
103
915
684
8
949
706
445
504
96
470
54
797
816
940
51
680
417
454
22
438
988
291
465
306
448
524
119
914
61
820
120
164
88
804
524
389
862
321
245
310
143
652
108
312
592
511
992
361
965
15
151
954
658
969
260
458
493
379
372
554
551
844
70
991
0
594
380
214
267
978
525
411
630
985
723
574
496
67
287
461
82
439
767
92
760
27
902
605
758
275
159
662
471
581
653
824
527
386
38
794
716
563
557
346
548
280
272
396
700
559
210
782
350
977
227
110
357
129
715
467
756
226
129
580
159
135
404
686
873
442
481
589
358
390
287
258
23
559
655
723
470
865
857
821
194
84
283
551
566
351
19
674
929
500
606
89
635
10
775
860
805
608
801
515
351
88
773
374
999
428
97
470
645
954
643
840
391
926
743
309
629
762
983
559
615
942
0
602
952
127
463
109
736
264
624
87
353
398
813
704
178
910
174
176
216
817
16
959
96
759
268
725
874
604
636
489
546
636
91
850
764
906
960
852
171
584
291
876
334
456
580
865
366
755
41
934
924
409
894
20
520
162
98
394
118
86
235
664
723
327
515
839
233
827
43
756
411
686
632
98
142
565
963
860
672
356
794
596
765
688
969
285
203
419
32
321
505
267
338
580
946
853
771
532
680
166
288
443
852
273
541
994
838
856
206
510
212
1
458
329
41
779
615
244
550
647
918
56
914
256
988
861
461
760
745
141
278
33
936
131
306
830
477
496
686
684
358
251
37
169
580
78
300
547
675
851
194
945
259
461
201
247
674
662
359
419
155
638
804
443
121
111
273
598
959
312
634
670
563
671
839
495
102
139
43
777
990
589
722
601
50
275
849
76
289
560
495
796
198
300
239
671
763
513
270
74
825
904
744
740
928
583
235
30
75
630
159
417
220
881
19
622
508
868
699
797
780
546
593
979
846
184
650
961
697
272
36
874
529
132
966
457
716
202
839
143
184
998
560
404
231
579
379
739
799
78
536
580
624
481
911
823
665
913
136
715
538
524
941
67
657
908
876
725
462
715
220
646
65
780
403
296
712
782
35
863
212
923
795
188
756
58
363
421
972
852
488
862
376
430
929
385
338
157
462
800
224
682
798
289
815
201
585
527
335
620
742
899
543
538
88
299
596
803
72
920
655
913
782
384
343
63
769
33
220
232
185
444
266
335
733
81
889
318
960
224
290
703
476
833
593
564
484
541
719
909
462
375
822
596
759
517
660
880
902
232
464
439
29
731
774
762
812
663
433
125
240
723
828
716
909
421
632
745
962
351
654
776
726
828
725
837
697
385
