3
319
841
113
146
899
214
175
277
97
584
438
304
208
296
718
953
168
9
878
875
581
974
84
320
535
313
170
445
884
409
480
555
250
594
702
149
160
229
778
257
813
216
562
21
864
632
327
32
994
557
907
575
884
344
895
419
657
418
216
894
827
696
449
77
642
503
578
802
85
356
412
898
925
326
272
789
310
951
174
304
860
81
879
96
777
127
515
787
545
83
681
372
780
482
801
774
338
379
929
423
87
341
673
364
19
297
506
329
248
680
634
461
113
865
557
891
992
425
678
889
508
711
613
640
193
414
767
531
145
696
306
585
389
980
301
408
277
807
737
878
839
723
339
305
589
248
196
581
673
226
823
534
289
436
526
834
851
293
718
348
341
24
933
730
4
235
490
634
394
580
512
586
303
203
891
892
451
439
826
477
665
1
11
306
437
537
140
640
183
858
989
524
883
274
607
239
509
97
873
256
677
385
842
333
588
733
577
392
172
403
869
189
404
880
495
194
769
987
834
952
846
175
477
81
450
436
672
311
533
546
567
563
283
761
896
872
494
473
616
18
229
485
559
985
717
54
179
838
394
366
791
592
541
620
25
991
56
697
303
941
243
222
504
527
984
752
751
830
226
719
201
807
204
760
144
273
815
324
111
561
42
254
153
583
874
178
927
282
875
582
576
471
804
80
350
140
185
101
971
763
172
172
570
376
284
714
649
451
390
112
12
784
367
165
368
593
695
647
228
923
229
804
394
385
236
744
526
421
197
849
184
369
373
106
97
657
821
746
109
563
858
121
348
577
639
68
171
334
715
399
257
944
203
3
681
439
747
207
861
296
56
397
665
781
504
762
439
325
860
548
240
71
21
588
648
660
8
171
347
723
570
956
19
125
960
701
565
59
260
778
356
669
175
21
450
31
136
889
708
348
789
949
419
163
889
420
175
898
591
874
973
514
831
993
639
791
46
556
850
306
686
558
975
862
580
778
245
68
19
954
416
809
903
188
324
144
960
499
42
551
726
16
417
557
361
57
700
759
965
902
65
652
461
393
866
393
171
111
461
190
65
229
351
320
417
27
817
377
527
859
281
605
227
50
162
940
459
214
699
425
116
117
77
929
510
295
322
681
406
783
223
824
365
575
496
782
602
313
512
481
525
145
438
104
195
600
45
655
814
96
80
283
213
509
212
75
804
535
756
562
670
332
738
35
259
235
170
213
900
34
47
425
179
485
882
726
438
279
381
604
375
813
887
589
674
100
664
830
987
773
745
9
457
483
397
716
70
919
281
971
953
328
748
484
166
630
210
604
909
944
208
637
109
96
226
784
548
242
614
887
367
711
896
824
195
645
892
265
564
174
588
517
854
337
353
20
319
564
624
229
508
185
866
617
281
444
753
181
38
720
68
758
431
316
934
978
962
827
244
878
353
832
396
559
521
101
580
841
665
556
422
525
741
640
495
374
436
600
555
474
320
975
232
104
644
519
82
958
346
326
836
51
511
584
610
384
686
542
577
703
99
999
229
840
991
76
215
427
676
122
254
349
450
838
453
94
357
535
52
55
214
240
106
77
825
717
461
863
259
39
566
710
38
795
551
382
223
118
809
252
592
63
601
42
902
54
136
611
941
540
667
155
781
773
232
958
842
694
821
454
85
387
164
475
535
67
857
110
185
667
362
778
82
963
172
336
17
309
948
311
201
615
466
334
740
51
292
583
97
465
37
182
853
553
657
740
621
867
850
158
886
213
288
968
176
461
657
546
122
605
857
675
572
675
10
312
726
302
247
823
120
284
5
973
190
15
65
811
882
915
321
768
480
610
88
9
423
745
907
545
702
116
220
274
791
230
939
870
885
186
693
357
823
51
682
13
66
747
176
300
14
497
420
847
107
508
856
530
606
115
427
308
231
0
935
374
230
874
244
467
412
938
824
235
989
858
600
407
605
776
707
620
274
479
467
733
987
675
616
593
790
43
254
21
43
189
395
626
415
992
445
179
930
622
415
271
480
15
30
86
144
737
58
418
216
877
503
555
904
119
501
694
163
755
67
558
296
814
184
63
806
630
242
88
604
9
711
84
377
741
522
521
478
932
291
46
809
794
954
713
266
455
759
429
562
178
987
210
345
524
625
151
506
219
592
110
229
303
546
606
45
69
479
875
1
122
274
163
268
228
228
534
35
988
315
949
518
303
511
863
179
136
15
685
355
959
147
936
262
693
894
307
762
725
535
116
847
809
279
116
389
507
650
776
495
966
725
14
621
588
229
152
724
244
837
431
555
336
720
818
