1
718
599
969
182
38
998
265
813
113
430
828
546
555
68
621
735
784
882
156
416
628
470
768
634
599
846
463
324
684
160
61
754
112
30
288
150
29
906
315
494
336
144
40
891
564
13
978
701
896
486
117
524
308
237
510
907
436
973
583
120
486
644
226
598
27
514
100
408
420
768
902
108
912
294
351
828
307
329
529
203
815
999
79
124
236
942
383
672
267
967
144
753
963
370
703
990
237
156
750
9
924
4
470
836
298
821
16
606
151
546
161
318
545
593
442
133
535
178
158
802
145
302
908
108
25
611
451
614
767
553
975
691
558
445
879
856
619
896
814
770
794
976
440
691
569
235
824
456
413
982
258
558
637
166
18
662
778
821
628
897
727
603
941
285
401
820
493
20
68
308
142
214
636
582
905
557
817
730
13
582
64
271
140
701
438
511
715
568
684
695
817
411
651
758
48
52
931
542
72
351
202
214
566
838
148
471
395
318
553
408
900
970
31
393
23
821
904
91
741
940
786
559
352
789
669
752
841
600
294
265
304
848
831
870
686
980
693
433
650
599
193
550
921
225
943
296
398
199
387
140
140
526
699
844
315
720
596
509
321
243
774
977
91
606
847
130
938
892
563
588
843
109
490
764
686
434
61
84
985
800
224
125
678
275
969
994
996
566
855
669
809
629
646
252
587
845
382
877
89
298
817
285
407
308
401
445
94
814
529
79
615
106
557
293
733
526
639
81
444
494
750
605
476
748
858
63
945
592
941
387
890
110
672
649
418
73
446
512
888
328
944
855
434
501
148
519
379
140
601
824
634
703
781
110
452
991
526
749
584
819
136
826
929
160
828
348
234
274
212
474
602
156
329
388
9
829
908
389
969
509
213
604
212
346
66
16
338
592
118
274
763
606
100
693
767
280
393
353
555
957
827
509
466
156
898
475
985
158
216
307
667
781
911
231
128
329
600
818
274
718
92
37
676
544
82
443
825
827
796
732
137
975
241
603
131
491
430
469
649
647
776
668
428
39
900
556
720
852
374
994
922
818
384
598
363
818
394
540
998
190
272
135
166
865
738
649
357
520
470
358
167
598
27
948
989
279
856
710
131
583
56
53
401
792
3
116
611
397
656
961
940
280
96
106
146
186
107
855
706
578
213
226
528
592
174
518
871
382
580
2
965
636
407
367
781
411
483
744
160
140
705
100
772
801
558
270
987
666
125
45
596
691
623
124
283
797
642
155
180
574
509
497
211
917
864
992
680
700
88
192
840
793
293
964
594
203
235
933
869
712
330
817
403
954
294
39
103
936
546
635
863
55
133
74
324
997
418
4
697
506
197
889
651
842
854
597
45
441
530
267
153
212
84
909
166
378
948
270
667
494
905
530
901
38
956
226
388
726
582
437
584
131
327
235
973
533
832
371
974
714
638
127
278
74
36
445
805
336
67
824
182
972
706
84
363
662
310
751
740
244
188
324
376
867
911
701
400
95
72
726
161
62
206
439
489
242
236
294
931
303
470
113
628
176
197
991
838
859
94
930
104
634
254
832
854
517
533
606
612
958
333
773
372
539
564
861
133
801
507
416
104
977
530
732
153
79
75
343
939
169
273
395
156
879
579
10
396
112
616
360
422
301
485
795
192
50
8
326
203
868
742
659
845
624
744
351
704
819
46
995
341
672
742
497
551
321
859
300
433
827
12
208
129
498
355
673
900
363
999
455
231
94
114
429
70
858
132
774
678
178
121
371
850
863
868
754
184
79
406
970
906
418
178
387
916
533
61
168
248
412
623
832
858
738
261
281
948
745
55
626
923
529
997
126
392
217
880
577
648
286
899
907
704
77
646
973
962
59
493
210
472
117
42
682
207
655
963
155
400
371
134
676
900
483
802
644
53
34
573
701
320
472
960
376
901
607
701
863
666
195
74
490
312
468
173
871
476
488
26
876
859
512
552
111
996
706
756
49
740
681
102
412
154
63
141
55
22
842
271
688
37
345
531
701
165
704
924
641
544
951
870
756
815
422
867
811
481
975
212
221
9
315
986
163
730
127
570
752
969
841
792
359
538
323
412
56
379
337
697
924
640
567
680
455
342
899
267
823
227
831
396
236
146
382
751
228
861
321
332
831
515
125
190
405
448
954
461
828
291
511
104
931
78
136
387
772
35
6
947
614
189
344
850
336
78
601
916
940
275
249
123
142
374
665
547
174
619
361
354
911
224
458
194
654
946
933
427
334
939
374
948
129
70
799
817
501
752
85
793
27
334
916
169
60
933
69
235
552
782
941
