1
815
6
752
362
660
698
295
439
32
587
166
981
68
588
132
237
89
884
322
234
912
9
502
433
69
435
854
656
340
988
950
507
994
702
869
7
400
165
798
785
752
964
766
820
905
250
409
994
134
731
581
46
740
83
832
162
871
686
170
211
675
120
70
21
174
940
380
575
457
179
712
209
495
830
381
400
80
142
747
214
873
328
613
966
763
445
480
634
131
2
197
158
123
620
532
297
560
912
224
17
443
288
578
291
118
311
691
198
453
790
765
678
470
378
996
234
823
476
220
306
831
770
817
954
390
349
603
302
613
180
671
57
468
601
700
939
264
391
489
69
534
254
99
4
632
96
590
807
924
811
466
755
933
283
61
675
632
17
329
597
197
0
6
17
953
706
956
217
98
446
286
632
700
385
988
685
833
579
844
758
742
310
865
675
593
279
350
577
296
31
175
845
31
181
862
984
240
171
553
690
969
191
674
669
928
662
706
762
241
551
872
983
861
89
10
807
368
712
384
16
743
911
861
774
445
76
110
685
247
15
375
216
206
49
237
487
711
944
601
305
847
825
288
60
914
299
867
635
363
252
651
107
163
513
233
608
589
344
293
188
711
20
404
270
69
641
757
133
937
358
438
136
183
78
197
449
729
64
436
93
668
88
200
832
953
433
792
894
129
438
434
841
458
838
111
528
831
220
661
121
578
451
257
113
529
454
914
259
871
351
704
539
791
904
723
96
689
516
342
819
954
776
12
412
614
123
292
797
343
305
918
273
756
528
738
638
334
652
249
205
355
953
745
146
209
820
594
898
336
936
717
642
712
81
407
678
204
699
476
899
357
746
172
465
274
910
103
961
915
704
166
270
657
263
769
866
84
363
117
772
652
186
415
716
268
822
395
472
873
223
724
230
321
248
696
948
511
151
909
426
856
75
48
513
691
817
732
775
533
849
547
537
387
314
253
655
136
0
480
10
223
204
240
897
452
288
845
315
440
754
741
648
181
142
161
872
959
245
999
844
446
899
381
834
213
987
489
702
987
969
712
563
525
304
460
330
945
657
645
385
411
739
385
944
881
546
817
192
144
168
37
942
67
770
776
633
757
618
335
97
939
47
660
465
703
472
147
648
129
792
385
892
531
770
836
412
669
653
605
165
822
994
107
241
116
236
874
226
854
209
323
793
608
335
610
664
159
757
664
288
902
50
180
433
172
16
198
193
22
155
358
196
501
818
789
617
54
664
195
908
225
518
53
186
205
16
850
364
773
514
4
675
916
184
461
441
553
11
634
927
166
345
123
19
515
912
636
569
928
184
829
506
54
882
692
260
898
894
976
24
760
981
51
29
517
512
470
422
875
456
349
393
153
472
412
668
737
401
589
665
585
418
171
639
653
215
251
903
109
228
927
222
561
979
251
78
843
721
501
71
529
202
464
35
675
877
703
764
630
645
781
215
63
953
854
716
520
106
972
982
686
899
204
247
230
455
677
426
528
530
497
57
733
961
92
408
190
148
524
820
793
305
387
208
610
242
277
131
700
249
113
738
148
317
985
731
772
662
157
652
193
6
61
926
319
154
686
862
654
210
34
799
867
422
7
478
16
284
609
716
885
74
454
386
743
791
117
867
805
626
519
998
984
580
276
303
86
962
517
92
524
552
891
392
974
251
222
990
887
831
58
773
257
864
159
0
655
628
867
460
254
386
811
590
318
87
893
405
402
763
497
278
315
741
22
289
992
244
631
231
427
41
4
684
905
515
36
912
143
903
724
749
641
887
339
312
327
585
717
81
348
566
359
15
307
382
304
651
978
287
883
406
328
239
442
585
755
479
497
250
734
573
352
728
461
691
40
788
628
109
869
328
675
580
343
335
314
999
986
293
638
869
51
966
109
845
551
864
324
400
466
411
974
818
491
435
862
883
575
490
992
444
171
667
24
514
2
691
866
341
984
504
210
387
823
671
232
374
887
909
775
354
320
101
172
163
536
34
46
463
877
38
907
400
57
283
266
412
326
132
753
310
989
315
697
812
987
282
186
874
191
313
228
863
414
753
26
302
139
72
765
368
462
24
768
871
660
35
635
986
167
388
649
156
56
698
320
43
980
507
917
171
172
498
34
939
251
412
241
742
836
359
111
298
383
879
522
395
914
157
382
434
898
31
942
954
729
263
997
62
122
266
233
294
764
620
233
367
32
827
110
869
186
221
519
921
452
41
317
367
551
51
153
449
82
95
403
163
358
752
577
832
370
811
127
135
783
712
854
815
891
316
36
77
889
908
351
342
949
668
