1
61
852
719
214
301
153
309
56
668
20
160
598
852
531
761
331
18
544
396
872
711
287
541
748
717
430
656
68
772
957
88
833
162
159
399
463
664
709
872
684
81
32
282
285
563
43
617
581
939
365
806
651
652
347
751
721
777
759
141
902
716
229
87
878
740
487
694
404
548
566
89
981
950
723
266
514
119
235
447
58
600
605
709
605
304
460
326
82
219
820
336
288
49
423
518
790
262
212
546
810
130
987
791
81
711
410
947
830
645
746
240
598
704
950
555
8
762
233
442
982
53
778
622
103
554
140
245
816
705
791
979
835
779
122
268
842
884
567
24
530
666
264
480
370
566
35
378
329
268
821
663
322
951
285
777
857
425
22
674
482
165
5
670
944
479
290
138
364
858
514
246
876
131
726
246
697
761
976
26
381
149
41
703
101
326
480
958
104
502
984
586
668
341
256
964
821
547
455
537
757
321
783
633
452
509
231
150
622
207
528
3
357
570
59
810
248
539
768
352
394
105
291
414
446
899
730
267
798
185
804
555
507
939
540
311
800
771
461
422
331
342
778
40
912
837
850
512
376
618
217
122
75
508
536
522
407
267
141
206
804
298
113
663
237
654
975
38
777
788
812
460
130
590
500
394
779
350
907
156
321
124
630
396
984
167
918
391
786
60
949
590
358
63
606
947
69
933
985
846
721
150
307
204
92
807
598
872
510
857
380
831
333
10
579
317
177
498
61
315
910
10
258
620
73
864
919
494
797
257
341
870
407
0
74
499
159
25
371
21
882
751
852
216
762
432
885
291
282
946
607
544
957
865
516
382
81
435
877
230
692
570
100
99
922
175
951
81
200
322
103
434
426
307
650
540
91
536
183
725
834
790
621
791
7
137
174
440
573
403
670
617
973
771
717
247
298
20
680
850
694
135
284
120
443
287
12
886
175
196
964
9
338
585
801
698
723
327
138
648
82
809
265
407
932
334
654
230
706
334
80
401
470
716
873
265
355
886
503
530
82
467
540
772
405
693
470
480
372
609
128
806
418
745
213
350
432
219
932
490
553
364
891
375
432
765
992
788
651
496
318
85
315
210
857
720
255
680
200
979
289
680
785
59
778
350
761
562
569
693
52
475
409
296
202
841
61
195
629
64
43
300
501
358
862
710
431
118
390
983
97
679
16
235
90
794
585
851
708
507
896
112
982
657
408
184
499
821
731
480
237
774
132
90
485
995
801
268
113
543
251
562
575
267
149
665
413
735
517
473
242
765
586
576
423
346
112
274
520
844
754
757
970
887
848
807
882
1
75
347
544
679
261
119
298
411
785
64
498
654
537
92
419
475
668
842
822
132
468
342
328
223
451
299
462
299
458
696
300
886
395
845
565
656
316
863
419
101
927
917
755
817
9
527
292
29
721
466
514
190
160
842
765
612
493
227
263
952
923
916
838
670
761
755
326
429
618
98
531
898
15
638
67
377
165
359
758
239
178
272
429
338
115
194
302
608
773
566
560
48
482
750
718
595
505
396
24
476
494
555
726
510
546
793
239
711
152
997
950
682
622
731
21
737
925
323
697
698
241
258
746
723
360
816
318
866
213
695
694
707
602
420
569
148
213
808
860
717
158
162
400
780
894
773
869
171
448
566
222
690
176
320
765
537
137
436
755
350
131
449
409
733
869
979
882
434
139
94
151
297
608
903
429
854
28
298
378
477
865
600
519
393
920
284
930
409
720
685
111
203
486
521
937
707
500
171
141
639
265
645
289
225
900
70
80
929
721
458
406
938
410
277
331
330
561
262
92
634
299
203
837
138
724
774
845
576
297
339
568
562
336
857
788
236
279
220
165
0
678
923
938
88
200
622
770
114
236
214
748
535
418
585
25
494
712
223
71
9
914
639
924
250
496
64
486
127
284
4
480
314
927
418
754
480
392
876
594
628
91
342
164
861
279
541
355
343
764
426
705
678
65
629
280
913
45
119
393
681
123
873
995
402
291
101
234
684
329
828
664
772
522
828
633
802
722
341
497
486
767
202
517
185
831
149
450
876
268
843
909
743
716
256
498
360
357
732
396
39
913
60
811
435
241
797
589
963
490
87
801
257
289
670
794
473
820
245
701
88
88
611
832
805
867
682
517
577
414
913
616
327
973
779
115
214
928
704
177
418
791
979
28
433
649
822
258
821
419
959
910
860
922
94
17
790
776
534
367
542
447
335
222
420
466
337
635
395
41
812
813
185
143
841
970
145
16
228
966
435
539
228
647
462
674
664
252
450
198
971
345
645
658
