1
567
66
124
904
53
519
297
217
685
482
361
878
452
858
894
32
176
682
572
405
329
34
79
994
638
882
544
961
227
190
619
146
608
95
50
661
967
347
878
652
182
591
882
986
449
129
19
626
811
943
383
492
329
462
838
967
696
383
280
275
925
251
421
533
346
471
546
665
171
776
669
353
720
552
691
521
681
710
147
844
653
882
688
982
697
527
301
393
262
581
669
187
184
90
72
531
914
970
548
437
746
218
142
466
770
833
988
803
544
487
647
549
370
335
884
419
214
537
812
476
471
833
663
655
276
87
538
542
57
87
979
804
305
121
622
427
306
610
230
202
450
229
752
172
564
988
591
779
877
755
607
700
589
271
356
865
358
246
759
768
685
738
572
342
211
546
769
517
509
351
720
959
580
824
483
497
164
74
628
393
829
235
94
770
858
802
987
217
48
746
337
86
836
909
428
47
807
550
917
316
253
637
275
834
813
110
683
977
184
311
370
366
546
816
488
405
618
476
974
19
574
311
105
411
572
885
458
379
435
727
696
41
364
323
875
529
786
910
506
970
221
229
688
119
45
177
524
16
5
850
35
579
161
140
990
85
377
801
817
165
528
865
206
245
540
433
774
326
343
633
649
564
862
337
683
259
866
560
275
871
762
662
451
276
154
793
361
532
594
178
697
123
43
903
368
936
336
494
262
31
127
911
595
989
601
630
601
467
542
228
691
305
891
494
581
45
287
294
577
882
473
274
357
868
529
77
156
217
571
419
248
699
682
195
40
283
178
993
751
720
222
794
377
113
288
958
510
575
605
88
809
430
714
166
650
596
595
807
813
519
226
62
218
908
609
610
544
787
604
647
508
178
441
885
291
729
196
801
304
153
241
466
583
308
984
233
904
580
40
69
99
618
483
669
879
93
631
423
880
235
70
740
413
863
978
56
592
174
210
248
679
803
714
262
111
699
495
367
631
888
789
82
506
272
751
737
717
382
160
598
970
582
338
383
797
316
792
741
842
2
990
521
157
56
135
621
107
631
340
90
519
129
172
377
754
923
115
471
658
627
69
628
562
760
363
359
428
155
101
623
509
443
496
19
499
632
640
959
263
980
49
134
110
222
863
216
497
978
687
155
958
109
783
520
221
499
231
649
6
332
272
516
127
121
535
979
753
527
938
368
507
339
502
969
561
365
185
411
696
225
566
6
334
702
526
555
201
109
204
207
442
829
75
921
950
962
900
55
489
190
423
349
530
925
670
443
642
208
854
690
433
421
696
767
475
574
322
676
684
878
235
478
59
311
399
361
625
300
416
115
490
191
816
372
468
486
816
111
694
670
153
127
443
850
246
270
776
920
298
460
151
534
938
562
197
690
924
822
990
692
289
832
884
105
557
352
944
373
815
990
395
321
470
191
523
716
461
299
637
760
112
788
646
50
350
843
92
626
665
434
671
955
619
907
412
176
611
708
549
779
699
944
100
169
487
623
885
949
274
874
61
386
14
707
789
717
550
881
695
567
316
366
522
935
273
287
111
885
995
12
664
46
308
116
215
796
739
453
745
365
327
158
752
694
865
541
411
415
774
106
982
90
473
857
377
98
496
840
335
843
852
351
890
161
467
105
957
558
558
54
924
238
212
28
932
429
569
343
196
695
801
178
786
626
387
515
725
235
356
412
79
560
764
969
721
583
426
30
494
337
436
770
575
0
798
507
429
719
202
625
414
3
156
552
630
895
68
707
131
776
119
562
336
235
531
58
819
957
440
665
646
877
435
221
877
233
80
659
952
634
636
718
990
144
271
972
40
691
679
523
467
150
85
803
386
968
213
557
277
654
222
924
531
9
145
760
242
578
771
546
212
408
616
202
904
887
526
944
578
557
467
45
708
904
849
446
872
62
355
150
68
929
74
951
938
571
712
532
149
835
430
714
595
46
268
500
934
795
796
864
352
616
910
412
520
111
210
393
525
565
895
594
846
969
545
784
892
609
668
42
797
98
756
392
145
376
244
431
171
41
295
876
657
557
288
177
20
499
922
546
416
169
492
263
490
389
399
383
351
68
425
148
166
533
892
311
261
137
94
433
530
390
661
187
947
949
716
968
800
991
866
569
160
710
832
651
99
583
34
802
651
811
302
170
696
195
833
957
684
928
742
214
318
403
753
617
705
469
585
857
812
803
778
973
513
962
976
965
546
10
767
549
173
422
719
221
969
553
178
653
481
273
219
151
28
324
768
85
793
706
295
606
509
73
931
375
36
907
340
582
269
459
131
442
881
851
663
202
756
193
