1
207
589
818
426
92
847
750
860
284
896
918
579
854
780
653
137
155
689
44
847
623
313
658
754
107
892
957
122
94
65
315
302
654
486
80
746
333
183
959
969
431
229
549
637
9
202
774
516
243
170
715
866
483
374
972
942
618
930
64
64
347
731
366
2
569
799
100
254
334
411
224
765
641
773
402
650
327
176
167
570
346
234
788
181
960
760
475
578
42
891
643
390
974
361
744
544
512
844
798
846
256
22
611
897
147
365
899
474
541
418
396
239
653
184
772
613
945
599
192
339
490
187
729
465
548
473
361
61
318
159
259
926
534
871
823
681
236
74
156
130
493
904
721
146
89
494
759
386
93
303
725
936
490
807
753
391
280
114
804
950
273
63
228
807
286
403
841
523
478
349
5
971
253
726
117
694
572
228
432
18
532
158
954
374
317
707
117
597
173
273
900
446
337
128
606
975
532
447
498
10
796
855
981
401
582
450
96
506
678
528
524
210
38
830
937
355
537
54
305
710
328
557
509
17
685
467
992
217
914
843
579
62
698
560
815
632
10
263
139
41
144
663
251
182
494
188
890
383
595
547
446
275
104
307
292
141
774
284
711
40
479
290
454
530
203
621
162
565
885
653
606
29
669
210
563
163
750
805
898
345
352
696
620
808
355
264
302
481
901
13
521
380
303
327
910
858
949
425
776
834
78
382
863
747
944
778
262
695
584
513
392
288
209
365
97
917
629
751
398
530
764
272
911
419
599
173
278
900
598
54
734
29
788
949
776
733
728
39
428
664
904
172
952
465
537
401
382
167
152
781
697
916
53
960
688
4
486
318
905
84
372
991
113
512
941
242
245
21
633
25
37
537
198
989
2
735
743
737
254
895
518
952
164
923
264
204
279
750
522
184
187
246
528
300
758
821
894
356
194
527
381
231
416
931
220
771
19
315
508
273
563
26
225
79
301
842
283
580
592
805
117
779
51
997
432
161
818
326
517
12
206
251
243
974
182
815
745
201
131
253
827
46
631
52
125
932
894
408
865
839
565
334
618
968
331
402
129
149
729
999
513
287
250
756
261
432
923
359
986
54
612
813
100
244
217
577
528
464
337
745
303
902
431
273
222
762
676
704
263
757
703
128
44
953
884
657
385
808
16
723
214
981
888
667
225
106
596
105
570
934
851
225
188
282
850
411
397
526
115
12
283
818
141
679
771
377
689
508
537
57
584
104
38
472
771
615
578
367
721
500
653
572
77
842
206
928
605
955
454
72
968
90
242
461
121
365
838
162
873
376
220
809
480
258
282
603
874
212
322
947
65
976
519
494
170
77
422
127
33
229
199
353
671
441
814
144
806
652
307
31
380
527
841
860
137
475
815
363
39
138
310
456
466
181
951
988
611
725
115
644
306
666
997
977
107
811
474
265
815
781
296
196
660
489
56
797
316
224
513
356
714
823
164
532
357
467
520
968
193
987
612
499
653
961
829
112
124
303
377
939
84
25
135
96
515
544
893
183
768
406
539
482
582
56
14
939
523
886
259
716
225
223
568
878
184
749
342
308
52
71
599
488
96
735
584
963
279
829
147
47
588
38
881
522
94
247
813
618
485
72
686
710
295
606
940
831
355
282
491
759
353
90
247
801
825
183
765
456
365
912
855
953
302
88
827
397
335
640
367
820
712
405
530
359
12
470
542
367
104
33
127
809
475
726
611
653
262
376
109
979
640
317
932
942
405
759
691
741
751
410
913
463
816
444
174
828
266
716
547
371
101
26
532
576
105
143
229
367
871
691
346
863
8
630
158
765
741
849
506
492
260
772
307
428
216
481
256
834
549
155
557
650
182
90
578
287
585
160
6
457
203
704
320
563
686
478
328
779
680
835
271
292
607
930
720
175
763
328
361
664
483
271
314
17
713
244
656
298
404
662
755
607
718
428
522
404
258
851
183
290
38
806
582
645
88
654
172
851
334
885
515
170
156
181
187
869
778
844
520
182
858
275
142
929
55
664
685
314
867
221
604
905
27
539
550
468
193
74
671
880
312
187
50
820
720
589
42
498
785
562
33
644
837
527
573
893
543
610
559
411
831
163
316
211
54
219
679
600
645
350
480
957
889
882
778
610
471
820
460
257
382
845
901
571
372
826
816
268
436
375
679
620
891
995
831
945
566
510
897
212
860
377
169
750
259
299
712
731
471
524
988
205
370
241
777
94
419
945
362
207
321
393
827
564
389
658
861
955
520
759
519
381
488
689
483
748
340
547
831
812
423
171
17
145
764
146
592
535
92
954
