1
742
765
700
922
681
89
932
542
396
453
653
916
186
142
957
21
242
649
920
73
461
343
596
831
841
360
329
433
895
421
739
989
538
439
263
219
880
196
114
277
1
767
545
187
261
854
560
855
503
480
928
317
175
876
500
16
588
829
449
483
603
189
825
493
628
88
713
861
636
179
138
989
298
35
528
912
241
88
767
96
568
48
413
96
924
265
112
513
95
914
348
50
455
525
543
435
966
608
296
602
139
786
944
438
821
472
350
414
561
117
511
481
517
924
577
442
190
42
307
637
956
655
39
411
181
582
846
147
543
143
101
682
929
45
472
103
870
174
517
431
644
28
264
161
305
194
603
847
236
910
484
544
918
523
307
99
457
505
598
352
648
51
35
930
449
859
385
319
34
254
102
678
283
718
839
940
912
795
787
500
705
623
44
975
498
703
426
307
209
376
660
209
428
47
491
229
906
876
900
940
483
354
618
118
72
810
58
337
605
845
837
662
820
234
638
318
937
64
977
498
441
637
708
221
684
199
450
591
428
702
883
911
56
502
29
480
664
439
817
269
636
7
931
456
241
569
126
530
986
103
29
427
93
89
648
777
288
450
720
68
504
956
331
912
810
712
392
474
151
562
743
787
569
674
595
162
596
721
692
582
825
73
9
270
162
9
47
803
811
120
871
315
76
555
227
886
267
971
360
771
885
455
558
454
129
506
616
77
227
661
659
404
734
20
674
897
29
74
52
192
194
275
507
622
830
86
860
450
410
572
221
295
27
131
102
508
637
70
586
217
83
245
621
818
266
648
67
647
722
119
840
268
746
699
242
577
138
102
379
900
674
952
547
53
83
649
561
73
72
147
290
155
745
263
325
363
911
744
10
633
215
202
253
962
254
495
891
744
949
270
996
975
222
543
28
657
545
590
730
969
89
372
124
834
636
802
197
547
546
560
533
762
114
786
724
368
634
615
464
583
237
460
559
459
356
587
116
901
529
847
870
619
219
346
805
207
148
355
755
695
915
640
809
29
778
533
750
412
500
566
348
737
27
259
548
383
846
664
636
728
863
506
699
435
852
504
642
353
859
749
48
126
741
857
508
520
742
610
284
594
176
632
683
555
891
231
938
90
247
926
818
463
432
869
250
637
725
244
990
937
994
390
63
735
599
923
607
693
533
892
287
62
524
322
617
768
553
908
858
152
834
28
615
619
897
865
256
622
110
598
559
456
340
975
543
291
898
151
984
784
395
623
846
919
945
463
39
850
723
897
2
558
277
970
177
526
187
785
501
649
735
412
457
75
387
1
718
638
504
702
422
899
677
620
170
622
435
562
824
159
459
178
717
89
148
894
615
688
31
116
337
766
529
795
193
268
148
911
906
4
965
680
255
642
300
777
616
88
339
440
247
151
970
964
240
119
210
207
807
593
676
496
359
205
643
904
473
143
167
732
147
132
764
754
126
417
532
94
505
871
886
752
374
856
68
966
975
630
174
134
223
850
983
934
407
626
838
232
770
5
964
269
489
81
24
615
498
908
709
3
131
595
107
506
803
175
472
779
805
998
265
380
848
600
314
607
227
152
840
349
509
156
970
998
237
346
965
735
254
26
90
386
973
197
244
776
724
716
907
529
715
173
909
915
125
223
523
704
727
715
405
236
871
376
586
109
722
903
196
329
929
287
67
902
836
311
31
561
27
938
442
94
463
352
362
589
927
237
293
7
952
699
595
823
427
182
284
501
85
833
830
367
120
897
621
308
208
652
869
588
591
312
34
54
16
396
995
295
985
289
302
937
340
898
113
767
432
397
268
869
230
451
588
702
700
210
11
909
862
232
849
805
896
883
212
264
632
207
912
617
848
214
907
188
464
20
307
248
417
928
470
0
379
58
702
79
268
65
340
483
650
541
288
546
425
852
163
409
60
75
378
260
641
285
801
106
305
108
706
75
388
176
75
767
587
777
199
207
195
891
690
845
433
331
391
210
183
554
971
595
981
349
856
623
635
9
729
292
117
787
367
506
316
442
625
903
572
176
110
767
68
153
612
853
484
3
63
19
910
34
967
891
735
175
866
370
184
947
15
653
735
382
511
51
825
137
954
397
665
416
164
733
569
776
586
405
131
1
777
393
387
744
637
123
271
503
845
455
451
860
108
538
243
620
589
420
109
895
169
774
311
685
860
233
813
798
638
944
800
767
690
539
863
679
662
134
182
508
589
985
368
50
523
963
670
464
735
131
359
904
257
23
589
117
256
754
268
246
51
68
366
741
959
229
420
622
364
954
482
305
