1
292
202
355
815
518
377
632
253
508
343
510
766
718
99
235
326
206
503
573
257
923
291
998
883
520
770
505
884
724
339
542
368
541
897
184
59
275
168
313
783
511
823
901
230
274
137
556
480
640
481
89
564
772
87
447
645
209
304
881
286
995
423
654
536
321
190
948
596
358
613
731
222
436
985
452
62
122
360
895
114
194
984
678
318
424
477
963
633
133
197
919
128
620
574
17
293
116
965
889
475
578
973
697
366
958
501
780
432
213
675
546
759
12
577
78
788
406
393
421
540
590
693
20
563
619
37
856
735
2
98
562
932
71
259
298
381
112
431
165
678
106
711
437
470
640
515
258
47
261
32
939
851
77
959
766
48
349
623
783
351
721
698
636
144
309
286
877
422
717
42
100
176
105
889
646
746
405
257
793
18
641
732
221
718
43
988
766
392
611
901
96
684
599
732
828
909
18
705
683
736
747
783
912
852
672
910
950
429
167
743
799
808
827
21
878
871
9
644
615
972
898
711
656
497
443
484
406
814
541
89
902
640
224
814
492
249
76
795
30
244
538
830
404
718
851
635
941
212
631
556
184
529
268
840
27
63
676
785
877
217
227
131
857
451
945
701
52
22
496
83
618
387
913
374
457
116
9
398
328
641
954
512
170
574
704
549
638
380
335
867
949
914
999
806
717
296
859
770
670
708
205
288
95
470
15
552
586
376
950
266
369
256
778
540
831
834
441
469
214
128
688
515
42
687
321
760
984
532
882
654
240
87
295
687
557
662
591
143
38
541
409
408
150
539
300
981
373
93
802
939
222
490
454
616
530
127
728
866
11
610
872
252
697
519
939
254
181
883
749
220
424
510
980
926
49
280
259
774
373
61
65
947
904
871
564
786
350
292
652
362
255
876
966
952
396
257
559
577
140
308
149
917
171
129
843
572
761
103
347
487
516
764
434
772
988
350
558
338
995
562
700
250
439
18
554
835
276
113
412
416
774
914
333
945
43
177
869
157
632
568
644
500
333
78
273
321
781
831
11
776
746
64
378
185
82
932
372
358
398
136
775
172
50
460
469
446
637
690
603
621
259
247
122
592
677
395
265
458
578
276
586
676
340
964
861
423
897
585
133
647
722
908
171
772
369
992
218
358
682
173
332
941
420
454
533
98
201
150
908
131
779
495
808
119
811
21
894
60
607
28
707
681
288
878
453
9
870
24
720
905
197
52
846
970
858
732
420
411
882
680
894
661
175
54
133
339
76
379
399
35
759
459
716
400
337
521
409
560
897
129
465
447
181
663
417
391
395
189
802
630
869
697
643
397
751
128
736
179
508
135
214
619
594
282
19
284
156
429
196
53
910
13
852
92
676
269
835
424
810
638
54
680
335
697
77
438
826
813
618
686
300
184
305
247
819
325
531
975
106
79
380
16
92
233
460
120
854
296
544
665
286
950
345
973
648
774
411
826
939
29
864
239
566
169
838
385
846
369
712
304
800
92
673
244
677
133
365
532
781
261
549
67
212
246
40
212
20
804
390
311
185
254
550
751
423
389
488
622
110
200
926
263
645
599
507
322
85
872
206
218
486
755
286
698
353
678
262
373
834
652
684
20
906
587
771
329
328
260
303
790
812
230
53
457
181
561
132
618
785
338
837
271
446
475
321
799
505
583
525
340
235
561
360
141
148
131
823
828
743
126
619
556
708
672
365
242
233
497
860
19
836
697
642
634
172
964
433
30
547
958
370
783
872
730
924
372
213
747
201
957
226
820
865
934
492
230
176
78
728
389
97
916
438
739
550
611
55
335
993
603
646
363
386
518
93
662
890
306
410
91
615
636
263
480
922
756
63
451
186
791
840
283
59
278
374
961
241
430
648
234
385
294
949
771
164
42
433
407
701
195
850
316
183
114
797
458
222
860
909
408
3
101
43
414
731
769
727
325
551
375
911
936
22
861
59
538
903
493
945
956
40
796
273
576
262
422
34
484
634
295
244
989
396
287
403
479
56
482
156
960
209
68
896
583
929
956
122
184
801
67
141
193
215
414
769
829
188
803
313
822
450
557
811
198
196
566
678
605
400
834
565
609
254
461
193
183
769
315
720
570
734
861
116
302
627
885
131
167
41
797
989
491
706
152
690
903
718
720
508
118
906
73
79
161
886
272
696
656
939
416
578
674
629
694
328
608
932
459
775
973
608
764
816
315
916
858
218
986
930
726
456
837
151
536
998
37
808
694
693
748
463
624
774
92
318
454
701
602
913
476
927
522
593
744
189
509
954
407
848
885
