1
485
304
722
636
840
72
673
649
118
719
749
581
343
875
26
13
329
79
968
594
555
895
468
148
991
657
10
946
416
858
183
901
162
257
537
3
329
563
4
799
634
105
733
329
332
759
694
661
838
662
607
745
558
76
246
901
85
256
847
502
466
382
403
628
639
293
983
968
208
339
120
194
796
853
523
128
964
569
141
802
232
101
899
142
529
145
43
614
753
243
468
219
625
224
200
265
517
535
585
77
875
705
271
23
910
146
504
874
715
997
28
947
98
928
441
627
73
837
594
827
432
414
398
57
638
598
674
507
134
612
584
361
669
207
384
580
353
240
454
69
238
483
368
688
763
810
668
188
647
614
15
79
28
414
488
667
364
515
174
498
127
759
211
796
966
596
376
672
188
183
741
778
18
109
467
781
919
135
969
918
101
337
349
129
103
190
796
467
705
971
318
832
82
529
980
400
477
709
72
666
892
813
444
262
275
263
43
546
750
364
465
851
701
166
981
156
356
777
624
61
100
294
245
534
823
578
935
301
287
359
319
531
525
115
793
800
379
188
698
481
904
515
333
958
682
666
114
38
795
90
452
896
384
49
782
560
627
69
213
266
429
884
149
306
999
942
458
730
482
156
564
739
672
897
697
354
915
163
744
710
254
548
958
990
598
741
902
577
810
115
844
591
999
993
897
351
288
707
81
122
864
645
861
888
894
558
594
809
722
338
872
328
239
830
318
837
571
221
414
734
688
610
677
40
956
927
391
244
634
824
366
850
470
580
738
716
138
684
878
212
375
750
540
614
932
211
803
504
784
217
590
824
180
267
864
136
194
255
380
181
80
98
31
902
678
122
618
169
806
848
733
533
598
626
147
531
837
950
387
973
520
329
797
700
948
662
188
495
269
568
676
349
18
59
251
49
533
222
570
692
70
303
225
21
281
373
904
118
675
643
443
195
324
593
247
272
255
435
119
524
355
147
226
726
207
829
775
92
51
697
784
474
352
10
847
634
735
103
104
762
98
548
310
422
141
557
46
748
345
518
624
700
665
850
778
872
680
553
965
83
602
101
909
955
463
108
589
550
211
693
313
309
593
623
83
734
532
482
834
877
0
459
930
665
661
708
890
693
614
207
129
216
308
38
523
124
147
112
674
710
158
987
372
751
962
807
838
495
289
672
724
641
483
6
659
497
67
901
542
33
460
671
601
768
710
125
244
209
589
919
919
747
258
291
851
221
99
41
68
740
65
144
734
549
151
745
398
570
646
940
603
106
612
204
226
674
681
471
235
271
390
506
370
0
798
573
221
249
614
641
341
680
786
427
581
289
172
331
859
818
271
814
276
235
370
503
261
52
326
496
675
68
3
45
68
153
971
290
754
585
931
447
617
69
875
198
358
47
881
569
218
153
735
494
740
106
997
2
158
675
850
185
743
853
230
812
358
553
454
464
139
737
912
108
807
787
659
517
186
540
439
404
693
174
899
786
280
248
788
790
924
990
975
19
844
558
831
554
111
637
19
602
375
931
711
534
70
370
403
256
910
842
13
956
369
264
742
649
512
882
792
788
872
119
160
68
677
991
623
141
629
994
743
356
277
454
890
347
824
645
955
87
488
968
43
857
232
137
858
745
19
650
885
243
122
45
312
799
389
287
940
370
633
36
78
910
490
320
257
667
965
212
106
453
181
149
662
413
286
873
510
657
523
748
900
997
145
564
797
886
203
89
256
836
125
334
746
968
654
3
987
620
568
93
425
101
242
440
866
880
313
377
889
188
477
141
186
974
706
983
861
909
424
117
746
550
804
844
870
810
200
857
430
768
950
208
869
544
648
735
776
313
464
17
501
293
158
687
268
216
22
129
126
447
598
224
349
402
420
571
213
620
428
995
388
730
555
609
626
555
697
402
868
161
771
722
807
929
409
75
146
784
556
624
583
154
200
284
909
620
855
474
241
635
821
981
365
377
591
343
932
288
745
153
801
516
875
608
797
636
35
943
420
591
919
3
98
119
287
7
92
494
481
333
129
302
666
846
31
257
189
964
897
286
469
699
154
344
659
952
980
695
247
753
286
519
756
384
638
396
743
82
242
224
767
372
879
434
570
910
691
760
226
589
398
695
640
553
391
299
857
372
994
104
477
281
623
233
17
614
981
761
48
576
337
816
948
216
250
870
479
941
630
705
882
381
753
522
934
144
822
791
868
816
247
345
449
223
931
467
189
264
580
237
840
917
53
140
486
303
11
965
245
993
670
479
374
775
2
308
920
824
451
788
992
699
486
442
922
417
