1
261
463
681
841
700
874
110
754
14
596
57
377
913
654
371
936
134
745
711
136
406
631
312
209
772
304
908
258
98
182
27
359
645
60
552
346
934
15
452
301
963
509
678
877
516
49
813
2
147
524
138
905
156
802
114
280
458
23
538
909
557
917
620
555
977
173
253
264
540
705
565
503
566
243
380
82
645
193
84
792
718
574
697
226
728
811
506
539
186
396
448
96
665
68
651
642
593
904
906
133
961
823
637
527
67
17
962
64
563
398
856
633
325
905
211
53
68
69
592
255
465
40
703
130
461
354
124
54
610
383
188
923
558
825
450
977
194
764
41
109
163
897
742
840
154
305
893
223
374
838
830
191
230
533
673
691
239
798
746
849
533
934
772
91
111
574
69
657
691
462
119
206
712
213
46
866
519
291
89
893
129
919
85
712
804
110
403
43
260
501
892
793
787
16
237
898
943
658
908
634
120
27
840
832
240
886
51
111
529
140
5
659
412
442
723
568
552
126
612
165
980
856
958
767
225
547
18
168
557
926
802
678
305
994
862
897
232
913
9
761
406
366
772
170
160
495
738
64
974
350
229
954
559
540
73
784
439
91
952
997
369
106
675
674
100
889
924
684
803
933
445
561
651
570
731
811
65
821
227
391
524
457
697
83
349
771
219
788
214
171
785
584
629
812
610
81
702
534
765
857
819
562
418
822
132
501
985
550
322
213
941
198
22
639
281
371
762
500
159
976
23
945
560
4
757
523
85
811
57
202
668
229
765
438
51
249
939
37
799
614
250
741
812
272
732
446
643
846
298
154
822
674
451
735
678
209
258
116
372
667
318
41
896
435
479
300
685
771
337
836
737
939
577
901
563
661
347
206
507
998
712
682
672
164
417
702
725
27
818
97
694
489
138
943
276
970
243
313
93
932
150
830
871
79
731
434
741
431
992
600
429
704
282
453
220
51
155
945
430
326
43
477
815
533
772
91
503
15
405
948
299
907
778
170
986
862
956
727
293
948
680
722
4
314
175
225
718
682
522
148
8
565
977
823
451
749
267
954
116
24
255
415
931
33
585
269
895
893
997
540
841
29
614
198
343
141
775
61
824
297
562
832
215
539
8
666
289
627
972
405
3
227
173
286
613
758
555
860
4
904
401
197
933
367
395
629
509
522
690
685
172
252
869
387
144
877
405
785
856
729
542
211
309
715
849
274
826
405
134
830
661
887
27
947
255
775
576
116
297
266
801
469
871
670
208
367
900
965
152
108
695
694
320
356
762
169
630
588
926
116
770
588
4
797
535
611
572
463
727
222
729
880
691
952
902
252
671
802
217
823
263
264
870
935
620
984
456
602
572
383
719
342
323
723
491
210
686
416
673
765
638
754
645
681
59
547
285
730
702
855
906
317
119
128
252
92
112
708
46
36
443
765
730
766
840
573
328
526
989
353
291
979
108
288
661
519
188
298
601
890
153
859
207
273
987
811
717
451
519
763
839
963
881
569
81
721
143
762
600
484
115
243
464
575
532
477
94
72
775
48
314
929
907
521
554
247
684
271
698
203
386
538
518
267
459
952
341
954
714
941
439
829
536
255
757
420
732
851
492
859
251
806
788
159
679
342
406
363
965
456
919
704
346
437
971
158
741
312
112
455
605
903
637
142
158
394
562
242
597
55
102
849
213
242
8
893
585
766
256
902
574
527
606
273
965
930
431
58
594
895
514
200
799
151
694
309
897
256
904
494
663
358
343
877
600
703
770
537
821
378
440
396
906
398
669
223
328
452
281
275
347
795
475
498
298
169
160
195
777
416
42
441
774
385
318
374
89
440
912
262
818
704
658
76
454
679
299
135
131
933
410
831
80
237
681
379
406
841
926
183
257
968
976
31
706
294
758
147
86
22
409
257
78
420
333
532
99
985
19
583
918
429
766
998
666
447
729
424
289
8
960
898
328
936
282
34
583
40
181
669
414
591
926
492
363
612
376
814
597
396
397
515
177
515
865
196
963
595
620
604
603
932
502
931
869
136
318
804
528
499
473
942
442
752
786
805
364
163
620
313
911
369
828
88
885
693
284
848
640
257
804
595
541
306
879
410
795
197
214
323
696
40
266
491
144
52
296
860
215
268
173
478
638
353
567
875
398
203
75
39
812
879
634
354
537
513
116
332
710
683
656
759
75
922
250
219
326
898
79
894
167
604
372
157
957
291
32
355
495
107
394
659
338
381
365
875
246
482
208
309
517
864
420
592
138
670
811
464
920
242
358
87
846
731
596
155
22
980
510
869
