1
439
257
881
777
990
246
653
236
80
213
897
597
77
317
189
567
339
352
31
260
946
390
699
792
473
296
947
847
276
810
69
716
67
950
493
57
548
498
645
629
711
895
226
140
212
768
707
552
472
739
812
419
481
511
211
306
159
511
153
436
321
222
504
740
524
349
149
73
848
146
54
911
41
280
52
254
400
759
158
873
850
970
292
331
833
855
989
993
718
143
781
391
717
637
483
594
338
632
667
186
779
721
450
820
353
502
426
106
613
584
331
464
906
975
147
740
182
137
85
901
632
218
644
701
207
128
295
545
760
314
84
891
387
534
712
93
388
490
199
1
75
882
817
981
857
965
73
39
454
510
292
86
728
937
139
935
65
435
481
825
101
917
717
489
451
781
582
839
271
133
192
346
15
10
680
224
327
753
263
781
616
556
219
344
493
358
632
910
145
465
735
247
382
804
736
185
937
670
376
209
155
568
907
170
930
939
746
257
693
9
38
309
917
609
5
762
968
989
672
465
454
760
712
188
916
800
373
854
470
749
415
625
670
322
147
600
262
893
858
307
255
248
968
524
210
325
639
530
315
663
995
769
775
708
310
692
508
35
898
331
785
313
956
455
635
456
407
249
701
265
556
956
866
524
833
76
850
472
606
517
487
601
638
263
661
948
955
170
984
853
853
121
166
809
928
153
617
335
403
319
953
959
275
819
836
460
247
38
284
853
555
772
806
545
35
820
494
342
990
830
195
195
951
713
4
879
218
622
566
621
293
519
933
920
690
121
381
289
511
665
494
418
437
301
963
472
121
457
814
463
639
361
658
590
426
14
821
645
988
388
618
281
259
903
202
302
24
583
591
535
600
86
953
38
739
917
862
212
726
29
675
366
742
685
308
169
51
130
166
40
870
784
673
481
688
875
135
64
810
727
600
763
165
905
153
904
174
15
116
253
396
143
619
139
828
279
660
231
761
826
271
983
610
297
465
650
172
600
715
335
679
667
98
844
924
603
748
451
970
216
704
367
359
323
858
539
954
518
771
716
344
394
699
306
691
516
957
216
117
24
903
148
43
353
993
319
956
93
770
926
310
474
645
21
149
503
561
104
21
684
820
365
430
871
24
122
388
981
690
505
357
593
5
752
298
350
71
254
444
842
532
106
316
178
127
818
33
40
922
55
76
94
772
507
965
796
981
353
129
671
210
838
616
216
590
914
566
14
168
362
856
52
820
524
582
300
342
616
692
616
23
769
710
147
276
28
296
257
381
425
280
944
616
896
512
558
810
430
572
330
793
428
734
965
305
317
265
647
933
958
616
308
79
678
455
707
706
751
964
440
529
244
384
145
492
896
55
302
326
628
984
471
408
718
437
713
35
54
713
320
364
329
980
443
7
436
150
66
539
466
506
68
62
890
565
554
786
621
208
464
249
192
936
9
911
725
723
298
779
436
971
144
117
951
939
476
739
90
542
279
556
48
699
619
938
265
525
76
238
734
893
839
278
829
848
541
906
923
840
37
711
163
181
828
114
473
657
206
563
199
485
471
248
184
442
538
801
968
967
391
702
860
230
332
41
431
874
947
354
714
984
66
229
518
246
695
991
903
901
906
103
386
377
703
923
820
593
76
140
560
468
842
772
50
174
813
833
400
112
540
466
449
958
695
319
204
391
662
108
292
920
563
31
297
618
306
469
211
734
609
124
202
803
248
605
330
414
790
730
878
330
197
327
288
244
998
845
635
12
953
280
932
868
663
582
486
969
403
49
703
13
525
258
168
774
215
850
540
357
581
418
688
130
98
328
726
448
173
362
461
478
994
745
698
657
327
536
978
731
938
33
96
463
643
264
589
858
467
129
216
400
900
256
530
998
936
608
446
462
322
259
940
316
5
991
325
684
527
655
415
465
689
863
281
332
480
222
543
947
704
111
347
604
719
229
954
7
837
400
469
160
12
410
828
17
401
154
701
280
809
469
98
850
332
379
535
164
601
430
111
305
893
810
909
612
39
215
619
229
616
89
389
980
851
217
997
604
723
50
236
885
871
334
735
556
713
622
720
667
52
832
972
945
994
234
909
34
449
881
263
417
322
4
397
525
221
746
481
297
149
717
182
20
52
269
576
117
892
297
784
296
481
109
242
475
695
503
861
496
736
124
266
58
480
15
935
54
114
416
351
263
134
533
283
538
802
860
655
46
509
792
343
990
253
937
817
300
440
679
796
529
155
414
587
636
430
875
690
544
291
393
159
777
278
442
315
432
654
323
479
163
467
822
153
720
111
323
372
903
2
