1
216
711
350
278
22
548
912
46
626
9
388
752
586
463
100
246
275
435
326
823
420
717
231
891
899
847
433
859
93
825
166
661
536
868
940
910
769
204
956
395
566
344
499
152
159
599
398
786
387
725
609
159
794
193
50
693
40
484
905
133
661
423
795
549
644
87
459
413
291
767
160
857
111
659
361
622
611
760
408
998
837
370
157
631
563
559
676
603
395
581
736
56
5
883
605
649
970
416
414
614
183
574
823
646
585
185
268
196
297
29
546
486
399
55
117
962
615
793
565
10
727
653
419
84
889
376
85
211
793
499
825
976
425
1
623
362
538
243
559
835
272
457
321
671
513
790
985
480
935
902
842
14
908
261
98
797
638
535
8
431
386
186
759
811
187
382
174
77
626
85
264
250
542
937
274
407
727
259
887
14
514
730
29
422
343
479
571
333
15
579
764
401
117
876
565
656
610
91
733
236
176
997
839
70
934
113
478
13
724
717
380
590
447
409
12
143
240
583
476
255
515
593
9
632
469
574
289
79
665
374
668
193
724
859
263
10
972
93
24
48
811
404
639
610
165
3
753
757
939
582
13
806
175
22
790
996
948
431
75
965
806
95
158
530
954
773
540
278
867
916
679
678
672
670
640
189
673
394
947
964
328
960
770
503
334
561
851
634
344
926
599
150
374
757
32
328
530
925
959
749
841
638
427
514
308
420
55
333
166
2
650
494
314
420
997
0
333
848
634
678
126
233
180
852
342
213
533
873
138
492
622
331
482
402
197
790
822
253
475
988
255
125
834
922
898
831
922
583
31
557
613
509
142
794
362
485
359
247
358
849
739
332
180
221
86
730
363
260
983
190
600
590
316
434
512
566
617
787
149
0
344
763
510
486
909
224
971
620
471
681
469
562
366
1
135
804
731
850
65
66
40
665
9
708
452
873
626
69
660
776
70
356
891
932
195
152
508
518
772
979
552
593
893
270
594
380
74
678
230
491
96
622
509
105
683
961
331
309
30
343
437
100
700
328
384
247
832
892
765
604
223
317
197
116
587
144
848
14
174
78
505
270
53
14
728
88
975
59
397
358
402
187
810
454
867
195
701
700
87
467
304
311
136
854
779
76
998
628
442
172
58
947
442
463
314
522
551
641
581
301
999
336
488
810
790
355
357
844
55
444
663
712
107
151
566
887
227
564
867
21
88
925
321
882
389
635
405
292
276
338
593
628
26
81
790
817
789
147
13
844
943
676
908
51
827
474
290
407
390
157
428
478
82
749
713
823
736
118
116
365
808
61
993
835
143
135
4
284
634
17
128
577
693
389
980
872
863
270
631
254
779
60
84
214
161
797
389
898
267
505
263
76
567
608
911
62
743
915
346
377
284
826
306
329
215
287
201
431
909
833
685
41
245
121
255
758
919
644
8
186
502
623
614
421
231
525
483
326
792
181
55
428
359
362
757
575
1
311
6
262
144
43
303
741
164
910
851
435
907
860
974
409
483
588
182
67
466
17
393
610
198
801
39
557
515
796
484
516
459
842
130
603
237
786
696
402
696
548
189
603
760
163
364
243
104
546
310
922
563
56
532
113
209
923
23
724
72
859
592
531
702
722
487
939
508
183
693
205
83
235
160
843
398
877
439
854
775
101
776
691
157
661
804
366
584
179
442
656
39
34
188
741
757
27
32
265
562
78
822
646
313
335
841
63
212
280
918
339
734
46
30
243
707
835
962
644
14
404
652
405
439
192
146
196
219
531
813
782
609
988
428
922
675
621
985
239
254
255
578
988
302
609
231
361
796
193
5
162
950
658
568
389
850
66
937
70
597
102
204
206
90
984
480
765
605
466
4
211
73
935
199
727
544
783
89
692
328
446
854
278
456
774
667
659
841
956
81
438
59
285
997
149
269
477
267
226
295
623
438
721
558
989
448
102
124
889
794
453
336
1
83
144
775
103
803
616
59
884
407
118
169
404
620
790
233
887
17
881
862
455
602
421
796
50
875
921
940
22
726
628
23
809
772
150
912
928
119
324
812
526
442
334
282
62
124
867
301
493
748
164
300
350
937
97
753
164
370
45
186
96
25
561
257
149
64
170
77
183
494
242
61
288
576
343
703
52
562
356
546
311
520
846
13
809
295
766
974
665
163
160
113
188
74
371
338
138
893
415
321
739
657
382
27
585
77
82
638
639
439
536
302
959
382
668
121
678
434
95
695
950
607
809
138
33
180
828
171
73
596
844
164
605
578
191
191
7
274
181
999
713
717
301
24
99
969
497
129
756
944
825
