1
520
432
157
935
372
145
717
247
187
613
538
580
772
668
858
214
983
643
869
658
122
384
125
296
890
197
407
213
569
662
215
90
95
724
377
467
870
94
66
57
707
956
990
479
624
200
45
960
843
266
618
965
651
96
613
541
293
372
754
215
35
321
657
482
45
34
949
915
480
367
325
539
323
315
18
948
515
415
260
711
682
878
676
685
974
642
226
620
14
332
187
401
653
196
883
698
230
184
966
62
551
291
601
227
958
971
527
473
738
787
184
420
665
213
105
992
207
683
964
221
15
503
975
668
699
858
719
281
43
685
343
946
976
296
173
934
267
52
759
5
839
296
778
857
861
235
849
68
271
165
641
286
668
616
307
367
827
26
0
222
63
343
520
391
991
46
677
258
98
788
615
938
84
745
795
297
981
996
717
252
161
711
890
181
327
549
900
506
927
900
728
990
595
601
381
586
647
58
196
745
847
163
683
283
909
478
933
242
826
650
846
339
361
736
520
41
286
772
899
213
24
980
556
619
581
289
557
228
700
105
973
547
269
657
182
530
487
467
772
666
118
618
5
831
706
878
224
344
650
124
910
675
104
466
646
685
755
556
913
455
661
238
354
282
895
889
812
735
356
936
401
826
906
758
658
613
636
234
957
639
358
867
666
462
685
664
147
793
220
412
600
234
651
307
516
898
196
681
985
904
617
738
731
876
497
741
489
485
975
798
124
686
18
790
148
703
807
648
848
27
60
449
613
63
756
130
962
304
163
947
560
132
686
643
8
183
384
849
668
712
648
145
750
666
287
898
721
94
898
922
122
959
723
735
22
831
217
336
135
732
284
695
865
970
339
873
505
75
723
525
139
723
670
889
741
958
140
814
52
38
736
526
349
459
614
372
290
183
60
777
916
344
825
781
666
516
6
523
943
729
49
83
804
71
324
545
381
816
360
786
855
448
664
204
908
278
928
550
462
989
680
378
685
505
511
352
21
517
227
316
599
276
399
403
700
76
949
433
892
661
219
99
109
884
656
369
514
936
272
976
925
952
706
963
457
217
315
830
87
894
146
686
523
898
89
223
326
390
656
570
403
228
670
513
464
678
234
978
614
506
307
892
810
365
855
267
935
522
449
22
416
948
60
939
846
149
162
524
892
171
94
295
751
116
160
215
794
747
545
409
605
852
301
416
218
156
683
505
678
485
527
446
433
587
386
631
88
900
155
332
71
601
980
822
718
492
389
864
239
935
273
845
139
926
261
709
434
296
214
112
781
93
559
566
32
297
197
121
197
704
805
269
306
785
443
376
278
185
240
517
120
866
714
611
792
975
321
227
272
535
691
405
629
602
972
661
899
521
134
97
226
940
718
884
77
513
612
355
698
852
225
170
70
939
782
863
267
103
442
891
990
133
296
971
88
268
985
987
142
119
436
368
411
506
604
841
20
216
548
70
420
773
593
491
65
727
706
332
182
500
223
172
985
871
496
73
492
481
413
634
952
849
354
716
356
958
557
728
526
105
150
946
879
743
789
296
822
847
980
4
347
555
529
333
426
25
758
918
506
171
904
458
373
258
174
81
216
83
809
742
189
959
41
420
55
830
716
877
678
48
234
377
603
763
710
381
788
469
652
646
992
556
456
365
815
631
446
31
66
607
126
255
567
519
675
974
701
743
203
379
143
437
109
746
200
171
480
340
640
132
986
633
688
443
350
503
426
797
887
492
404
365
100
323
884
127
649
585
871
853
317
366
290
426
113
843
597
945
183
590
77
522
575
765
965
277
621
743
74
860
235
831
225
335
506
461
463
156
46
686
361
715
52
3
493
517
846
443
462
382
33
539
904
960
657
221
237
278
964
664
138
199
495
715
887
353
176
350
861
574
388
222
290
792
226
783
310
424
226
124
806
611
16
710
923
673
931
161
303
247
177
793
447
24
508
334
377
36
36
239
610
776
461
900
568
39
36
878
464
614
355
270
226
371
333
149
44
616
662
699
864
839
492
663
863
352
349
241
388
737
832
998
513
645
251
81
685
287
312
149
253
667
771
479
38
456
981
434
425
995
133
289
835
977
304
50
329
653
643
717
742
475
67
255
121
318
688
158
957
0
307
211
19
430
42
409
887
375
843
312
371
328
953
558
305
257
608
634
262
604
351
356
431
419
611
904
89
299
62
399
652
369
962
23
152
4
433
39
732
628
703
103
957
656
13
262
265
973
897
879
577
600
235
9
371
846
913
813
497
328
212
501
49
174
525
201
530
310
240
262
938
943
717
895
951
730
510
216
704
759
