1
447
633
359
682
994
83
880
260
896
730
588
460
231
637
634
108
839
164
770
431
427
709
727
496
956
678
227
818
247
283
577
694
916
289
729
263
372
609
523
620
339
463
80
923
100
714
383
291
230
154
75
9
215
802
506
523
832
733
342
431
368
919
126
636
208
855
899
932
816
774
552
508
237
984
431
690
50
166
981
281
320
56
290
887
210
148
411
395
233
105
826
601
376
304
238
937
511
137
869
328
912
774
836
501
110
619
191
161
785
173
794
458
581
84
697
144
585
460
539
818
565
717
420
942
22
658
879
533
147
100
213
411
874
49
913
985
20
456
498
806
981
292
616
915
728
313
59
313
774
950
132
339
667
552
633
689
562
512
575
61
613
788
825
839
190
90
176
210
546
674
368
528
966
984
443
695
298
854
8
424
804
492
763
471
44
397
513
958
261
440
372
226
228
197
66
770
287
242
333
833
269
701
713
235
38
156
282
688
10
291
112
814
135
227
638
532
624
503
490
238
943
862
464
523
411
530
294
698
125
979
884
394
680
597
981
70
754
264
758
116
907
870
283
42
98
273
574
74
776
417
664
71
631
129
946
43
11
240
741
488
571
625
882
252
223
216
322
329
480
433
797
739
303
80
781
753
353
708
180
481
125
844
904
756
973
851
799
337
443
893
825
15
518
60
619
93
276
941
774
108
726
572
847
30
4
980
135
710
688
315
191
813
160
448
922
485
299
73
822
94
966
0
109
837
60
728
930
688
22
57
796
748
629
643
130
633
975
266
343
664
933
887
829
445
687
751
931
986
177
105
432
143
105
542
980
517
622
263
205
996
672
1
745
301
996
227
286
972
845
982
988
779
221
817
576
908
921
507
246
450
965
678
593
422
572
926
940
195
541
497
191
213
851
288
866
199
868
504
171
713
838
511
844
411
681
421
671
602
280
269
52
597
948
997
372
872
275
664
419
168
161
611
381
12
251
599
212
471
456
735
537
646
599
381
58
280
154
729
234
787
999
638
736
299
635
108
171
263
772
591
431
934
554
165
298
157
116
862
629
572
950
166
219
549
899
629
181
406
358
415
193
709
53
929
8
40
390
532
303
162
475
87
448
29
604
99
538
720
313
167
645
263
685
216
164
585
845
345
991
203
112
536
265
165
817
273
558
207
157
861
722
632
300
522
13
904
621
552
977
935
71
622
550
109
838
67
694
683
764
37
238
877
925
855
42
94
129
600
654
638
814
376
271
466
898
636
371
872
540
348
159
612
322
61
721
160
128
767
195
893
156
785
770
81
641
164
175
122
117
829
760
283
557
383
749
808
20
472
32
560
172
191
524
494
604
597
654
733
364
201
978
520
987
100
953
980
264
481
102
733
662
214
16
220
598
766
380
970
590
412
882
763
955
407
257
911
4
264
644
721
465
974
241
452
74
547
432
691
28
886
776
42
101
793
614
699
911
994
21
501
758
903
264
65
310
522
977
667
786
973
388
603
300
981
408
374
528
192
417
908
79
546
951
180
339
917
231
602
264
252
103
22
507
720
440
818
242
769
485
380
742
225
983
394
206
391
769
735
584
538
995
15
84
298
547
775
216
778
377
480
382
833
854
889
553
294
59
147
415
896
879
158
121
862
904
328
606
673
415
542
564
410
909
0
709
456
128
277
234
505
757
968
690
611
857
243
258
917
390
673
165
621
183
287
484
88
615
442
113
30
336
29
792
245
382
501
701
510
778
287
367
887
255
58
499
464
301
109
733
44
782
899
665
318
186
501
758
153
295
871
535
631
901
327
228
283
181
281
145
959
568
512
199
175
570
50
992
224
159
77
268
293
976
285
963
514
787
721
667
434
593
202
418
846
530
646
481
711
280
626
22
200
490
573
376
61
623
720
285
782
797
905
428
126
190
391
640
329
113
660
764
58
214
182
256
744
180
89
807
460
67
182
661
557
755
389
618
731
109
255
865
258
160
293
384
351
37
25
680
502
37
796
560
251
978
168
348
511
257
507
971
324
41
984
881
797
373
852
880
834
107
745
445
268
391
829
971
428
206
3
930
243
800
842
847
130
10
195
641
267
702
965
943
744
949
824
893
675
676
773
861
784
518
306
404
261
488
727
689
694
730
971
290
530
813
137
13
175
332
6
794
386
971
737
130
921
562
375
948
590
148
809
726
19
468
130
280
956
857
322
2
940
293
292
822
459
781
835
634
465
842
429
852
165
166
334
438
80
710
386
671
210
548
749
229
16
232
862
972
441
184
974
381
829
619
204
288
752
391
923
