1
218
233
704
422
399
870
756
837
303
818
576
326
29
124
75
610
140
307
824
112
749
360
438
130
190
409
686
478
162
78
753
380
311
457
802
62
680
910
252
983
729
828
309
110
952
736
72
444
44
897
908
145
257
346
627
447
756
314
278
918
392
31
650
55
489
804
470
521
714
722
504
795
902
165
257
206
253
330
650
649
227
558
794
484
256
422
284
364
88
562
634
480
945
284
887
786
88
357
307
155
79
163
302
333
680
560
539
286
890
189
935
117
99
730
953
708
504
589
424
592
503
59
424
801
695
311
587
136
669
247
643
100
762
945
434
795
505
973
81
395
515
16
864
966
98
170
26
602
111
451
546
967
862
970
768
909
282
707
397
303
954
40
403
69
986
837
864
843
163
945
591
30
313
807
348
412
329
375
366
441
178
913
408
392
883
528
301
165
235
699
468
190
91
224
259
77
413
475
273
576
420
864
958
733
671
307
497
1
34
864
794
564
777
554
308
660
82
609
178
317
660
998
507
752
222
118
181
636
593
454
564
365
670
875
451
694
534
948
695
920
164
841
484
941
395
792
954
477
753
484
794
766
482
654
870
57
124
403
45
70
210
961
435
880
836
238
574
722
539
621
642
703
814
478
997
209
622
951
38
728
787
185
494
269
191
716
678
315
119
723
385
329
685
173
210
873
763
136
596
302
110
590
6
924
69
355
134
691
306
524
419
445
709
265
66
900
981
745
568
101
820
305
782
857
830
344
731
594
481
679
896
943
269
254
867
338
609
353
382
267
878
153
712
939
419
779
192
752
524
112
205
696
417
988
554
248
684
285
194
165
316
90
460
585
345
328
276
306
33
658
574
263
163
286
555
934
417
747
687
293
859
244
990
628
232
544
228
917
181
422
434
497
513
895
434
210
575
710
516
960
720
442
224
884
81
779
818
498
878
857
144
89
102
134
717
686
30
946
955
563
368
390
412
233
637
846
795
564
557
312
876
629
106
100
513
187
231
684
686
461
893
182
550
995
668
620
682
698
918
637
261
638
379
25
224
368
871
19
284
780
331
161
410
438
613
275
977
845
311
15
658
205
197
561
200
865
533
234
915
451
224
528
441
955
553
665
324
425
685
960
205
368
121
967
158
735
595
136
932
906
151
942
463
349
503
16
566
36
250
482
839
826
10
281
782
916
946
458
341
631
418
898
0
892
218
158
979
813
646
911
71
798
853
535
499
709
551
417
745
153
899
585
332
262
866
114
178
812
924
871
796
694
769
796
586
987
306
917
152
953
828
224
103
34
111
602
743
14
19
840
519
271
425
851
533
643
317
63
808
241
934
604
288
55
752
226
395
58
144
547
363
324
123
466
358
586
420
453
600
792
294
120
63
71
971
948
67
289
363
875
882
297
831
170
704
583
397
99
993
541
999
357
865
122
175
576
709
596
381
661
740
27
781
803
99
105
103
518
394
466
393
276
115
576
447
819
159
196
271
152
737
270
861
954
744
37
530
453
985
264
467
725
291
248
880
390
353
335
260
99
153
653
728
620
229
527
791
740
723
62
245
812
332
106
766
429
495
649
234
832
913
701
557
204
950
789
947
655
124
207
107
629
213
835
249
794
362
41
887
85
103
132
249
788
590
15
217
86
16
451
918
281
153
828
838
455
617
785
462
94
344
569
723
909
756
973
56
118
366
943
555
469
75
156
609
17
172
178
103
540
630
374
822
135
202
660
942
171
797
756
617
493
326
693
403
434
18
459
905
384
754
812
205
181
969
815
198
493
993
302
33
975
28
207
110
582
867
404
753
16
161
723
510
839
416
265
273
434
76
530
818
830
343
375
363
312
190
561
805
536
215
190
863
243
398
326
825
617
730
931
634
891
654
496
82
422
113
708
856
189
238
26
371
581
753
734
245
944
647
50
832
863
593
695
458
991
21
636
960
104
567
594
347
573
442
430
347
555
138
203
96
376
581
467
310
334
553
555
630
201
958
814
64
551
862
874
894
883
510
854
339
77
449
687
2
243
117
349
799
255
904
247
983
837
715
293
524
268
849
506
821
159
321
237
710
183
112
604
418
622
458
758
52
259
445
54
503
914
756
654
521
12
901
504
850
968
150
726
589
351
232
410
510
905
648
220
88
760
176
859
734
986
969
786
246
766
193
101
680
949
107
201
961
360
57
163
681
207
889
270
910
474
32
420
379
32
992
820
144
520
679
879
507
0
665
753
118
858
206
798
159
313
351
473
25
760
636
706
320
878
328
230
352
361
3
83
393
995
903
538
