1
516
934
417
23
934
434
128
52
293
686
202
804
351
905
277
376
18
266
435
338
144
763
920
848
476
923
283
870
271
187
760
139
121
529
514
408
315
994
812
960
680
15
765
31
272
42
759
642
308
194
980
804
958
253
4
434
528
288
656
799
827
768
290
948
649
804
356
965
150
169
925
830
536
690
213
160
85
973
803
745
167
135
550
477
388
906
264
917
546
272
68
373
41
711
322
42
515
30
359
666
551
285
848
439
327
62
952
764
35
755
510
554
242
60
32
983
318
296
252
865
568
320
238
961
31
912
356
899
943
715
917
846
352
765
638
680
179
590
444
566
697
954
121
939
366
153
922
37
801
174
902
721
847
492
35
230
405
391
129
700
106
398
898
459
516
536
491
47
126
287
614
823
594
735
115
312
888
37
349
41
564
603
762
411
96
797
993
501
188
475
553
647
873
451
458
741
988
949
789
466
588
403
290
182
138
405
495
378
794
196
419
358
800
181
121
896
331
115
749
519
590
302
518
815
105
976
557
93
277
698
912
866
101
554
400
239
311
247
969
105
444
388
816
244
921
289
492
252
756
241
124
346
895
642
514
0
971
423
446
248
121
358
466
222
912
867
813
575
114
782
680
910
170
848
154
91
138
998
696
894
239
820
593
486
462
459
487
433
882
285
34
3
995
500
225
259
367
390
834
834
172
514
744
694
715
251
137
853
249
833
99
841
653
44
327
468
503
166
253
385
803
287
740
798
788
965
57
507
707
243
693
879
110
438
925
825
41
63
30
290
248
129
483
254
526
163
722
29
681
327
767
485
615
507
283
755
825
693
614
532
936
308
412
46
98
689
223
139
752
253
781
1
735
265
255
261
780
329
290
461
656
57
946
623
565
582
378
390
627
345
922
563
653
686
962
103
728
185
242
480
791
375
833
526
992
440
787
772
121
77
234
778
487
532
753
404
114
484
146
741
829
68
657
834
107
971
937
835
508
531
667
299
906
853
825
251
645
612
23
767
42
609
897
881
142
650
285
608
134
431
702
315
851
711
149
310
682
438
497
542
969
165
842
228
370
19
479
15
984
854
782
26
816
31
907
958
34
544
918
168
327
620
484
178
331
985
841
365
424
338
908
393
855
102
973
225
121
804
593
105
659
727
483
475
759
742
785
793
286
703
313
613
676
149
144
7
135
985
725
559
323
633
304
531
735
630
756
856
434
701
314
93
429
797
920
188
540
705
333
826
761
998
792
437
148
936
796
635
921
521
546
596
506
850
127
241
480
236
450
915
937
764
360
366
913
633
906
453
690
591
280
451
590
424
240
738
360
389
373
633
910
919
581
769
121
709
362
954
297
812
221
234
928
933
953
842
566
211
295
257
803
927
60
393
703
301
483
63
690
208
48
952
479
630
721
952
691
84
906
340
248
479
926
529
413
879
723
979
91
370
588
246
650
649
991
353
950
474
769
992
34
817
944
865
799
18
817
842
454
76
182
54
555
109
935
968
340
658
300
783
381
888
29
31
537
20
736
839
846
505
831
232
675
128
97
474
498
267
669
304
343
851
358
250
312
294
219
5
304
871
788
37
111
170
68
649
542
805
840
741
662
24
973
337
504
423
812
2
690
481
306
33
684
16
283
349
662
854
354
319
77
142
356
189
664
777
190
207
582
30
948
244
406
921
582
910
696
746
912
386
579
570
771
615
939
407
964
601
613
318
272
691
813
629
232
477
406
774
684
340
156
984
936
563
258
518
473
954
616
738
693
195
660
816
163
599
223
127
553
189
798
825
232
611
806
464
440
212
238
477
904
394
461
841
309
71
711
783
26
328
873
71
875
533
887
38
485
111
518
38
652
316
215
884
279
22
700
71
586
938
548
491
684
362
684
994
433
395
129
811
723
354
234
951
887
122
341
724
585
859
114
237
175
682
473
806
56
173
878
642
111
778
485
147
140
169
493
926
917
622
89
992
328
324
943
216
798
285
292
383
496
407
972
24
89
445
830
145
618
60
139
81
839
977
228
979
498
74
257
415
696
699
408
25
375
351
593
173
988
237
908
837
644
232
861
85
677
691
230
647
104
722
728
943
699
308
274
197
382
532
965
431
583
373
808
958
76
401
483
65
638
743
254
635
975
115
720
652
158
303
299
262
377
379
205
428
687
480
625
422
364
942
853
299
315
661
609
392
414
92
809
404
835
63
391
810
530
464
814
688
119
465
951
496
844
508
924
883
340
901
305
56
844
510
355
511
171
964
903
937
408
64
342
243
479
733
405
9
197
219
