1
698
316
684
1
164
880
861
88
116
202
342
421
258
538
284
966
49
807
282
305
745
691
369
439
934
849
172
340
210
722
911
908
390
596
261
555
828
123
995
944
325
689
718
935
227
2
901
629
809
536
934
554
227
655
993
161
856
518
853
67
592
765
327
982
713
589
889
541
712
237
486
389
278
556
676
506
558
930
487
719
466
421
626
693
76
619
206
933
489
60
0
433
177
327
768
890
268
9
431
332
246
269
721
877
177
398
735
735
680
222
455
146
643
81
839
719
52
45
4
894
105
356
327
634
36
95
524
304
105
308
637
703
929
710
580
107
460
315
842
140
537
649
638
532
82
477
604
487
875
608
733
332
317
412
967
353
860
491
9
965
799
998
20
81
709
953
188
521
620
382
14
510
384
652
42
818
130
998
657
5
607
390
337
276
803
656
629
663
148
638
980
299
637
352
380
698
305
920
219
926
303
585
788
39
238
830
857
720
829
515
725
788
257
414
64
60
71
45
75
571
35
55
222
24
408
955
74
65
875
646
343
530
231
131
569
469
314
779
189
495
294
266
283
551
33
699
964
456
96
39
27
483
447
601
508
207
556
582
272
432
228
616
962
460
99
884
281
413
15
471
908
661
89
543
212
122
594
528
930
690
920
309
174
367
911
34
574
467
968
846
899
197
814
214
9
914
450
290
327
465
113
588
126
555
131
690
29
726
571
960
768
491
269
294
210
180
328
784
0
297
982
251
846
797
817
855
63
267
497
742
84
963
330
562
518
462
605
547
540
176
507
308
19
129
603
229
661
931
13
661
580
347
913
426
144
730
633
559
350
131
302
786
94
632
349
964
94
306
511
634
482
371
295
853
852
898
82
513
181
447
175
762
794
440
540
939
522
174
498
224
657
800
11
751
785
712
67
879
18
578
866
852
301
161
705
153
411
787
19
592
234
194
706
28
986
247
319
508
773
170
85
430
322
96
181
107
808
248
339
178
178
557
382
832
70
87
985
481
226
4
425
812
550
132
192
888
379
864
749
504
34
834
934
708
930
115
168
90
715
859
620
245
416
2
77
486
441
415
319
667
771
744
831
674
876
23
562
607
887
311
111
273
145
45
982
427
512
502
869
579
361
841
177
777
843
254
615
284
21
286
303
793
30
134
467
259
510
381
218
397
693
330
23
190
727
357
970
592
859
839
171
220
681
348
349
876
955
316
513
976
602
816
121
984
303
588
243
813
970
462
562
15
144
585
557
871
294
527
815
153
719
339
725
752
687
426
628
994
742
141
323
696
310
444
681
613
385
276
778
707
738
340
74
234
278
631
106
572
159
273
726
230
612
803
982
652
230
962
646
324
104
321
373
766
766
54
731
503
682
509
562
421
201
636
655
479
267
113
52
778
387
130
8
351
285
342
3
515
305
650
192
761
971
565
527
89
971
258
944
653
119
506
426
320
142
434
152
762
899
204
892
638
686
253
990
323
595
993
839
900
995
383
13
319
300
540
760
271
150
705
276
269
211
55
942
706
841
94
468
740
650
360
731
688
613
73
11
561
418
202
813
766
585
827
85
885
719
197
508
222
902
785
843
114
192
785
172
33
231
640
125
881
352
856
569
318
281
581
879
700
783
692
466
721
871
903
606
591
100
115
813
355
252
656
821
444
794
993
477
25
633
602
907
337
811
828
655
444
761
534
144
897
579
962
618
802
217
576
393
670
43
558
25
295
567
198
91
713
191
568
738
176
523
997
513
686
178
169
130
939
55
627
836
986
941
454
789
511
383
182
181
426
93
558
722
12
756
813
725
299
734
815
475
609
813
340
295
991
509
777
282
917
756
119
903
698
925
692
561
308
227
742
735
320
652
809
332
408
974
409
707
708
224
534
317
389
874
964
380
736
94
15
653
850
486
556
900
411
249
813
72
476
555
159
148
207
968
480
967
942
241
26
3
465
560
672
855
787
989
587
523
83
602
176
285
440
732
538
852
333
351
276
161
259
435
309
466
755
141
786
49
382
812
52
200
373
77
55
512
66
994
35
149
949
211
786
389
295
324
593
981
28
869
142
287
656
452
105
411
945
891
813
328
704
217
528
429
294
935
941
360
281
976
861
230
539
648
972
186
324
917
167
352
787
310
639
795
114
745
207
59
988
372
739
692
589
619
473
884
906
766
244
188
94
106
770
633
106
742
172
430
12
339
783
799
1
774
594
467
871
153
527
860
525
618
904
467
238
378
351
144
496
947
332
591
53
455
576
511
549
748
942
561
440
77
712
441
851
307
909
