1
723
812
788
935
690
758
839
157
996
569
508
493
66
455
177
9
861
632
585
724
182
686
666
95
126
95
808
919
947
467
180
22
279
968
309
321
727
148
478
75
70
338
568
488
146
98
497
359
730
434
83
264
120
102
360
246
197
520
518
496
987
698
870
618
19
179
940
98
680
770
173
750
461
94
238
607
192
87
318
274
521
753
539
994
855
251
592
405
123
110
901
110
809
124
728
828
303
20
926
983
143
451
85
604
545
675
211
89
762
881
716
636
634
607
630
842
858
222
247
333
333
500
443
494
624
523
322
280
896
600
615
39
51
701
643
949
728
206
390
491
87
106
479
721
713
461
563
923
683
162
256
368
663
699
862
639
575
536
919
471
136
535
510
188
588
153
489
316
359
879
159
798
338
990
519
51
451
435
327
135
597
583
855
612
635
718
604
562
254
523
33
743
410
895
283
350
400
772
19
759
3
178
557
341
169
428
745
972
863
72
107
813
7
315
777
994
33
381
556
639
257
589
382
19
836
665
370
236
789
741
347
145
919
256
486
440
685
583
765
900
7
224
65
367
539
843
361
924
576
918
564
833
859
298
853
696
316
575
932
105
316
280
250
587
536
89
380
573
24
145
826
32
369
891
399
909
86
112
833
663
30
749
496
890
48
701
938
364
276
870
821
944
502
424
532
391
513
264
964
537
409
142
921
130
34
672
39
120
785
225
135
815
974
632
57
374
333
995
90
962
218
264
258
72
688
790
463
201
54
780
90
815
922
12
946
308
36
337
781
821
562
916
989
889
548
46
615
234
394
706
548
612
970
806
684
10
949
500
211
355
280
653
171
554
17
469
863
54
806
996
875
721
912
864
962
813
263
577
47
657
635
947
269
957
753
305
967
54
805
530
410
437
184
933
344
201
754
559
255
912
555
483
633
467
699
595
280
962
525
679
619
160
626
240
118
732
898
437
138
55
968
548
845
504
833
189
705
587
748
313
500
655
148
485
122
847
433
755
162
958
434
133
118
413
726
588
497
624
378
635
31
346
536
876
850
369
417
907
309
165
220
161
172
720
646
295
568
79
402
730
37
836
863
508
601
589
448
98
565
826
734
597
524
622
825
374
991
243
282
652
760
854
813
933
575
812
228
495
243
630
225
633
818
440
141
772
382
941
870
947
120
956
896
644
578
722
371
922
965
653
926
725
859
92
658
786
904
238
281
147
220
858
780
391
651
273
163
33
567
385
332
687
342
581
331
272
303
702
546
620
707
473
697
919
565
708
705
469
946
339
968
519
197
749
910
200
374
425
233
941
810
918
628
152
851
312
777
154
366
323
126
74
796
823
993
361
531
50
182
830
389
503
349
939
252
611
139
978
36
725
920
198
643
900
351
494
212
480
0
931
803
478
5
600
301
350
313
185
400
848
367
790
351
716
729
955
679
220
933
67
945
205
265
588
458
968
434
22
448
786
953
252
616
958
204
270
660
869
455
61
717
822
203
420
890
284
375
921
504
661
988
450
218
605
390
676
574
177
51
374
315
4
626
932
315
182
202
975
52
9
388
121
183
943
894
73
227
621
346
84
282
334
886
853
939
628
881
865
805
932
240
473
937
218
757
252
401
959
579
805
320
968
278
503
911
172
928
491
794
274
575
428
960
461
633
251
441
515
469
247
447
709
72
384
279
829
988
680
140
568
837
460
888
468
315
799
640
595
290
786
869
217
567
181
30
200
784
472
715
253
71
515
314
143
251
594
972
240
626
464
160
464
924
48
932
591
199
924
186
842
63
407
59
630
588
90
830
724
562
898
978
633
765
292
128
16
886
452
608
865
916
768
329
192
168
613
783
720
889
321
562
952
728
621
934
668
63
117
392
977
15
370
962
132
15
90
148
253
894
757
118
810
877
799
354
398
764
489
118
654
810
680
958
538
653
893
558
717
10
951
46
377
321
9
509
688
451
9
942
346
766
60
508
996
860
215
394
976
704
512
630
515
544
941
405
197
834
316
266
196
267
313
925
940
674
786
629
125
795
923
823
914
983
332
910
195
547
656
172
603
168
154
470
712
95
228
261
281
544
528
829
811
193
106
103
867
892
84
992
40
7
168
306
343
852
216
538
751
224
62
354
392
569
825
456
664
53
69
298
949
597
479
112
790
586
215
9
830
300
354
222
659
522
528
2
374
96
541
125
320
955
831
64
524
656
872
541
61
942
191
362
891
22
474
34
608
42
43
791
694
397
13
353
271
894
356
645
990
249
122
311
556
954
375
81
962
600
974
376
542
