1
165
738
433
187
565
467
148
607
511
291
653
260
656
6
532
550
714
529
541
315
4
852
872
958
579
305
272
179
279
0
73
796
91
859
983
8
326
483
615
189
774
620
802
431
626
334
333
341
215
874
656
219
78
880
529
10
185
802
541
464
154
615
260
597
474
596
605
152
431
572
694
558
192
496
341
819
182
674
512
397
549
520
617
627
401
146
989
938
300
531
403
455
146
15
52
972
963
658
124
395
230
818
305
423
666
646
594
848
320
458
246
221
978
863
849
731
361
838
670
662
721
425
117
867
792
521
191
108
179
316
503
762
486
808
537
505
806
131
353
126
589
951
348
919
814
549
3
176
739
25
838
461
802
307
680
594
828
872
702
360
540
557
474
26
717
11
883
523
494
237
2
435
188
350
354
355
251
709
883
990
734
73
803
536
380
484
483
560
356
185
272
248
95
746
626
812
757
510
688
251
747
690
686
287
40
393
642
291
102
525
633
189
950
437
725
330
921
208
243
629
746
515
877
193
262
503
357
371
13
45
623
112
735
661
400
127
406
394
770
509
920
404
698
870
193
775
553
114
336
148
95
434
663
324
627
277
179
984
1
545
382
624
657
117
637
409
597
44
804
367
905
76
123
955
298
316
730
203
782
418
351
877
204
367
553
831
996
733
168
997
278
550
973
287
19
611
697
616
7
853
336
912
929
459
867
579
776
949
783
558
720
134
788
924
853
341
108
850
426
628
847
56
530
821
344
901
784
393
518
791
246
206
55
527
665
922
106
793
223
889
704
295
376
844
220
229
537
680
79
964
308
279
372
838
100
716
91
236
461
609
27
707
167
82
586
185
356
693
330
931
934
34
227
310
230
799
892
768
479
971
84
139
250
456
329
702
525
420
938
986
382
317
46
549
751
984
734
459
677
65
391
964
451
970
274
682
769
166
802
600
490
238
739
92
46
68
147
571
840
437
910
222
755
308
772
858
292
858
318
322
275
61
286
79
31
912
761
152
431
915
752
273
153
843
365
199
263
864
123
103
302
385
326
409
693
450
267
985
308
937
659
936
998
945
15
381
210
128
885
641
43
989
914
548
832
631
99
95
496
574
551
798
959
877
559
652
679
178
990
987
116
649
275
466
947
290
848
157
770
733
798
813
723
64
713
907
695
813
355
191
387
906
341
699
135
252
351
814
431
693
153
547
695
429
13
642
71
213
799
842
299
949
7
374
13
721
281
60
886
636
252
625
894
945
324
29
198
28
843
981
73
997
528
768
778
893
410
849
459
561
43
758
862
51
132
227
124
413
288
362
402
892
339
648
837
664
678
387
44
873
368
117
870
248
238
0
494
0
850
953
562
245
63
776
296
195
4
772
960
292
134
714
536
474
363
725
490
41
113
886
914
833
3
137
434
593
489
928
594
691
233
508
937
296
284
233
491
640
6
803
284
492
518
820
966
233
546
456
626
11
342
892
196
698
29
630
291
871
910
237
562
143
745
499
791
382
733
634
22
91
438
307
583
308
479
550
893
25
358
519
388
53
411
937
751
793
567
394
664
830
632
226
325
729
726
117
111
811
103
134
902
893
793
837
553
272
739
446
650
98
965
390
151
729
327
254
522
247
0
186
77
632
764
754
362
490
223
825
653
327
959
907
220
104
745
774
377
484
572
379
934
538
769
437
267
97
691
141
696
692
679
773
676
443
879
390
286
103
216
939
430
527
847
2
632
944
128
361
428
701
740
715
591
509
152
210
958
196
703
6
240
382
779
916
825
11
307
463
114
875
755
896
402
602
250
34
898
731
395
678
432
135
393
375
997
546
937
307
94
640
314
334
22
445
250
199
808
909
15
922
784
770
170
539
724
421
573
622
152
321
300
936
808
694
663
157
592
952
465
686
592
131
20
966
928
622
517
737
884
532
11
20
302
182
559
26
955
485
648
459
806
949
395
614
995
410
772
939
362
589
625
306
720
997
272
0
971
141
737
855
674
749
228
976
283
787
355
238
272
355
697
78
656
444
45
651
206
817
590
920
406
567
226
478
916
850
830
888
991
568
95
665
669
323
994
304
111
701
542
735
56
591
166
713
387
211
716
945
28
659
865
786
578
91
616
495
941
446
383
284
366
830
950
387
154
296
691
617
997
585
352
405
176
518
118
915
729
187
860
109
198
725
247
776
168
215
623
461
662
358
746
28
189
48
416
343
344
459
312
341
45
664
746
221
535
217
489
616
756
701
78
954
779
325
82
947
541
706
761
555
64
507
935
253
555
703
948
251
163
260
