1
944
208
277
690
781
812
259
270
428
367
972
858
321
103
184
756
50
77
462
163
632
526
22
567
132
929
271
80
180
434
693
124
994
970
167
775
134
778
46
914
146
370
773
819
473
309
575
875
386
37
391
370
916
413
289
48
343
912
480
523
698
525
0
692
495
167
468
981
297
866
896
443
588
21
263
413
330
838
288
716
228
31
438
144
445
727
544
140
640
24
15
338
902
15
31
749
534
499
731
832
717
979
275
305
0
538
718
330
729
358
398
957
390
836
101
187
563
997
327
555
373
342
894
275
358
925
25
244
776
756
76
493
735
704
150
87
242
868
769
323
226
167
280
968
355
733
155
270
730
834
826
104
529
720
379
887
997
756
483
773
512
560
618
599
264
768
38
858
988
807
182
566
326
814
535
681
900
42
952
630
229
130
86
758
850
818
997
847
574
480
972
439
40
942
38
656
710
429
515
50
236
49
616
563
215
503
596
115
546
548
98
127
30
184
885
880
354
882
79
929
714
403
368
107
345
758
763
407
187
630
457
776
31
426
339
247
929
287
714
827
836
812
954
866
349
191
99
703
73
530
984
140
934
704
247
631
463
10
39
2
993
848
778
24
274
469
623
556
757
338
383
945
150
690
163
499
881
614
555
307
145
539
447
431
244
694
62
59
704
453
413
49
302
544
74
928
365
697
484
474
387
220
771
538
910
935
389
791
901
296
98
46
836
545
477
432
239
892
843
296
345
608
345
999
152
771
280
870
821
764
344
208
336
116
98
246
403
840
390
304
136
840
703
324
386
532
108
977
424
951
625
122
912
323
121
64
446
401
934
267
518
631
828
854
747
926
453
150
118
195
806
255
35
509
579
773
394
40
103
170
991
80
292
255
403
414
320
850
167
606
469
685
589
649
892
336
928
697
838
46
244
997
301
279
858
233
405
252
273
508
423
616
588
715
872
344
481
544
546
649
502
367
686
92
17
930
780
945
979
619
991
223
968
645
855
826
878
260
431
503
120
854
119
60
921
343
404
755
887
302
404
390
670
442
834
687
725
614
632
704
585
975
928
553
620
135
380
850
395
163
705
867
17
177
927
290
520
684
45
760
986
801
502
8
596
336
695
321
302
679
25
888
7
305
441
979
440
173
182
187
336
887
54
705
64
334
996
937
370
393
49
708
195
551
717
791
239
764
464
541
444
489
429
803
147
223
782
587
748
964
775
85
204
181
142
268
515
138
557
237
884
606
946
79
157
663
222
748
427
686
290
223
527
71
378
674
294
161
262
43
477
389
480
681
570
622
302
438
113
859
27
997
466
973
428
975
636
650
724
416
688
14
991
215
85
370
890
732
883
504
775
360
893
607
42
815
229
344
605
342
555
633
691
21
606
119
997
595
769
73
363
457
87
354
25
524
76
915
256
959
419
383
320
664
990
714
831
572
410
437
914
965
422
958
339
380
77
688
975
199
761
690
656
848
45
33
724
121
948
333
433
719
716
105
383
59
819
215
631
581
4
897
546
426
855
885
806
933
573
134
132
686
824
140
534
869
174
611
343
474
944
128
194
660
233
577
71
404
144
702
985
148
600
531
926
455
769
733
740
694
867
224
381
43
365
267
265
891
230
960
365
174
88
559
187
321
489
258
725
985
313
62
134
913
945
412
720
66
145
813
761
364
37
494
408
402
113
673
293
696
633
659
870
73
570
409
394
59
668
471
45
981
533
531
246
478
943
318
545
441
131
658
157
169
504
565
923
969
590
569
665
575
580
888
648
150
297
42
562
317
865
607
650
750
490
248
581
433
567
478
226
50
136
384
571
992
301
847
313
892
416
331
467
996
219
116
146
868
510
708
186
376
667
836
478
509
437
59
295
4
537
521
406
25
905
978
369
207
825
683
451
593
14
918
589
585
386
87
453
897
148
639
625
167
828
103
677
617
515
972
621
52
493
379
78
751
357
799
310
534
482
761
127
848
31
68
433
418
508
239
667
8
230
644
175
410
99
204
27
614
176
648
667
22
380
97
125
89
896
435
624
731
548
103
931
931
524
365
701
32
604
720
392
186
364
567
597
464
772
624
78
300
625
97
322
5
194
799
94
443
234
70
526
134
174
457
66
50
174
119
434
130
840
826
317
204
745
914
668
869
538
99
170
163
196
844
520
743
644
615
538
230
685
64
717
211
521
135
613
48
254
47
178
94
225
495
651
971
409
319
192
300
770
362
815
967
559
336
62
555
303
600
137
988
16
854
552
537
341
165
937
596
565
116
42
790
611
693
113
373
