1
365
306
25
135
668
840
454
579
528
516
486
831
468
624
172
484
830
724
374
524
241
311
120
806
427
162
949
391
208
62
764
573
368
141
708
389
333
515
320
862
31
807
45
852
783
217
336
965
293
710
489
887
22
609
693
801
124
994
192
684
57
308
257
777
449
317
166
783
832
487
997
216
646
42
68
429
612
404
394
905
467
884
792
841
845
838
642
321
832
187
5
241
495
614
19
297
932
185
432
116
24
429
684
670
471
752
451
435
509
846
341
328
82
485
169
927
323
163
601
508
350
958
749
198
573
120
495
857
658
927
973
682
708
10
705
531
762
156
967
623
354
308
951
436
145
120
716
469
284
317
329
634
627
430
832
200
551
679
57
209
606
383
243
666
393
948
198
507
457
165
131
811
473
82
600
970
555
316
791
839
985
120
825
612
903
10
813
454
41
222
15
0
957
610
666
702
911
864
210
368
29
693
531
854
127
131
825
682
447
616
873
784
89
51
397
992
413
562
798
454
784
165
454
94
775
121
796
686
985
358
406
15
51
938
221
179
421
46
213
221
663
439
5
104
490
402
96
255
964
894
709
101
59
516
195
186
637
343
873
974
702
631
341
105
921
563
636
343
609
202
564
624
641
569
728
483
324
176
738
640
70
447
741
481
963
288
668
952
984
893
927
38
524
268
143
798
831
132
493
793
334
57
769
327
978
850
810
654
26
548
295
97
347
36
578
663
677
598
967
661
491
894
699
368
515
194
166
698
678
659
491
12
68
613
691
398
463
501
53
489
401
348
938
101
736
869
116
765
467
83
778
959
330
477
327
197
24
845
895
702
504
739
67
924
704
758
322
167
612
375
8
365
75
947
818
164
816
934
929
635
370
708
594
52
537
273
601
913
118
848
968
974
587
35
898
643
145
221
810
109
948
171
827
376
118
645
540
286
932
821
921
654
881
868
58
419
141
659
332
612
507
652
586
447
687
837
90
185
410
253
646
358
424
473
86
894
119
626
180
403
800
453
57
681
321
467
452
815
126
137
427
985
789
365
784
477
202
227
14
612
480
660
323
256
486
409
150
957
388
682
360
188
135
769
221
809
236
674
624
714
811
51
51
600
768
836
429
971
63
443
935
895
456
610
151
942
20
653
251
760
687
963
948
822
732
521
983
320
195
607
34
6
10
85
607
779
273
36
102
336
832
389
583
288
0
734
582
20
739
833
132
426
796
432
601
880
953
584
200
149
544
586
155
554
23
762
685
297
151
787
985
983
177
569
271
177
655
205
549
395
390
681
173
538
113
126
418
66
63
970
567
607
908
723
161
931
837
847
580
988
986
918
971
163
487
594
692
494
151
593
241
541
274
415
79
739
893
849
158
956
819
725
563
727
800
77
11
638
924
943
978
262
861
302
426
348
896
470
843
48
64
436
941
690
851
21
782
97
870
292
53
42
17
617
121
170
46
132
808
322
76
138
584
289
440
362
990
337
833
185
737
249
621
30
939
825
51
73
922
274
365
975
668
735
944
789
905
990
274
65
312
702
203
897
991
644
259
981
333
444
166
422
693
140
452
985
965
856
410
887
482
776
214
150
863
159
939
768
501
213
185
166
915
740
415
259
736
674
240
421
471
759
843
516
251
648
501
216
856
912
455
338
40
669
488
903
828
779
23
682
345
560
848
612
300
263
871
37
289
464
810
760
575
654
277
826
654
130
394
510
394
849
848
434
518
688
689
699
819
64
381
516
624
581
129
925
844
352
314
485
168
124
246
743
130
875
921
784
357
315
646
752
164
846
538
35
886
580
734
706
644
467
574
269
48
703
546
244
408
212
729
576
688
327
672
819
202
593
955
912
261
954
664
777
800
554
164
687
134
898
745
779
717
319
400
765
375
298
361
783
510
91
711
198
418
383
17
973
329
325
885
942
279
901
71
431
455
236
118
942
486
215
73
204
535
473
321
262
771
683
45
633
126
108
831
544
844
201
869
525
878
754
467
157
7
890
588
815
126
59
757
613
274
830
169
161
655
842
423
426
525
820
59
3
929
242
548
125
443
417
650
321
524
469
830
883
359
771
698
486
830
455
451
456
637
620
618
292
462
393
718
340
566
129
343
847
372
243
972
167
13
622
841
889
443
671
772
802
442
471
640
624
278
91
81
916
63
51
208
878
796
279
570
362
408
265
209
132
509
181
652
874
155
493
115
598
516
887
401
959
710
41
935
989
485
368
257
548
419
465
778
568
744
348
930
505
614
140
989
475
673
641
349
181
486
816
779
3
703
532
