1
314
766
926
249
107
411
618
364
311
389
181
90
957
278
438
888
135
404
380
124
879
405
118
580
586
956
396
366
959
452
250
625
218
176
875
677
939
845
393
251
586
574
693
544
852
483
784
339
888
516
816
119
921
934
700
860
242
448
578
554
900
828
179
470
5
406
147
296
251
540
899
838
467
592
734
671
428
518
11
316
34
827
787
307
113
487
167
355
936
745
909
188
926
89
659
931
847
158
579
451
699
479
289
166
71
375
837
499
245
848
167
631
27
955
938
140
794
458
496
82
203
757
271
129
198
282
412
46
440
344
497
139
823
138
657
246
513
847
98
758
47
265
389
75
572
679
215
719
137
63
801
693
173
424
174
371
58
939
769
499
283
266
990
106
756
0
352
621
847
450
731
894
68
472
969
992
152
537
711
641
952
865
334
125
289
861
849
348
800
618
199
83
237
189
541
993
189
245
615
388
48
698
283
116
171
604
460
675
493
172
316
446
37
3
923
678
864
772
378
16
743
577
451
980
767
992
973
308
589
940
697
637
639
332
105
162
936
566
837
430
738
505
228
127
508
151
805
724
276
184
92
19
761
543
999
880
887
324
541
477
617
590
114
608
922
220
770
858
138
959
640
876
464
220
3
325
372
808
49
648
344
494
19
106
37
370
338
277
694
879
754
663
469
220
271
743
792
393
954
930
352
594
158
169
815
161
494
539
322
895
539
666
389
558
124
427
928
815
56
974
694
810
638
516
382
261
259
527
655
213
457
359
160
616
528
327
129
374
218
803
270
757
470
659
667
946
438
947
761
494
273
808
304
263
676
39
525
287
566
532
501
375
243
13
343
124
340
473
498
558
276
768
667
98
428
686
397
866
633
158
361
258
318
17
522
994
408
47
282
974
931
135
350
174
148
45
298
840
518
797
750
147
565
769
245
345
455
642
212
440
153
925
698
823
294
220
170
703
619
804
29
550
939
731
725
439
777
375
631
295
524
381
442
442
150
40
787
957
34
351
397
539
276
95
363
923
668
885
626
287
689
655
838
628
387
915
419
164
290
50
811
167
783
606
609
285
998
396
242
32
100
991
924
728
86
639
651
754
524
277
42
213
285
232
193
672
147
612
188
789
14
999
308
797
957
917
82
955
666
676
340
766
667
264
494
753
255
498
860
779
127
254
344
412
838
537
436
985
501
624
126
515
976
435
664
285
704
746
241
370
422
581
488
89
197
335
194
452
833
406
583
960
12
279
725
850
168
161
187
669
138
314
536
466
101
200
751
805
298
344
528
72
925
16
513
474
703
59
278
888
466
213
201
478
492
926
329
660
87
868
681
577
182
569
43
283
121
147
441
419
491
969
491
769
337
356
243
41
416
874
929
882
87
130
712
580
408
393
592
848
262
626
425
796
195
821
80
317
320
873
736
163
842
580
932
531
936
528
924
352
402
206
586
841
688
651
773
97
44
366
945
306
992
722
455
539
895
887
856
215
760
945
379
954
877
663
485
165
191
410
870
945
968
456
787
656
107
560
753
504
278
50
162
622
773
617
162
668
504
370
236
264
315
967
570
544
630
408
710
822
170
580
119
138
388
906
794
496
819
548
352
449
950
514
72
723
132
234
744
988
604
332
605
272
299
175
816
929
583
878
103
105
458
223
243
847
481
38
695
652
938
399
102
888
913
174
964
397
760
60
738
716
744
343
988
43
870
157
324
806
35
428
911
846
3
155
45
836
545
92
489
483
491
591
723
756
765
39
506
525
451
244
241
195
939
582
590
809
91
915
615
478
695
879
324
698
34
721
534
579
165
23
414
8
966
489
117
731
881
623
608
332
219
202
880
158
784
470
319
227
385
287
705
80
166
382
130
552
103
17
483
621
392
897
629
359
738
746
90
619
721
51
304
940
253
184
450
389
654
122
616
392
409
321
824
927
55
955
479
511
324
962
132
716
211
761
75
949
860
518
921
581
569
225
522
174
761
324
563
767
446
531
159
207
204
336
134
260
643
965
771
967
927
903
683
490
16
111
440
876
629
713
458
550
290
332
724
51
8
639
818
455
522
330
662
726
666
149
338
309
114
109
276
394
364
311
884
733
422
676
609
403
389
419
953
679
103
29
82
112
20
901
919
542
231
933
621
249
82
959
558
549
421
186
943
785
497
827
518
272
856
480
675
245
251
981
277
355
362
359
819
383
612
738
277
195
671
250
444
106
210
354
655
983
540
950
120
390
777
991
662
633
471
689
231
74
670
508
781
385
219
600
120
832
690
749
27
362
0
472
