3
165
60
666
529
74
76
311
768
971
10
778
467
355
1
786
853
473
269
608
876
40
875
190
818
658
925
567
98
458
820
797
623
233
815
152
307
891
815
75
214
826
205
33
533
207
820
387
680
89
995
908
481
222
98
299
880
375
867
331
833
687
480
457
272
647
961
580
538
129
7
104
955
213
137
840
772
957
227
804
398
575
712
879
797
162
531
30
537
398
713
723
437
545
532
62
192
493
642
82
622
1
538
929
566
675
770
338
633
349
142
383
276
206
615
426
720
146
808
610
896
873
333
685
418
865
747
962
710
741
396
333
743
934
614
309
961
736
0
594
438
142
330
714
701
945
140
421
91
948
31
987
821
716
672
591
581
772
905
292
513
301
977
256
587
943
918
549
680
918
495
118
412
825
184
113
770
677
535
213
625
918
200
799
635
225
742
568
349
648
860
862
301
189
471
889
133
389
790
813
307
285
283
719
463
467
185
585
144
72
799
122
990
351
273
977
928
15
546
277
15
758
140
317
948
611
558
81
352
348
894
659
985
529
730
800
348
915
386
845
339
185
319
330
888
592
659
817
959
205
94
975
964
586
644
912
197
202
993
549
902
239
560
887
120
643
688
468
910
426
665
250
611
984
932
499
928
591
668
240
797
763
567
113
701
563
25
899
765
370
800
19
961
713
258
81
356
298
901
618
724
919
868
687
255
800
539
536
392
207
776
189
322
695
302
24
258
679
275
375
401
427
394
362
140
652
795
848
951
48
467
675
967
335
363
575
488
254
111
880
461
239
421
784
934
75
160
544
106
435
919
507
214
313
221
355
317
368
555
268
416
22
296
736
710
11
311
198
265
422
430
78
13
203
214
299
630
374
843
736
161
114
595
376
427
816
83
96
184
638
717
600
13
13
688
75
376
999
625
993
773
407
71
138
610
286
437
240
660
280
976
174
394
571
550
173
739
985
622
923
975
339
875
988
704
564
415
80
915
40
73
41
447
496
179
57
782
969
649
795
249
625
969
996
548
871
521
287
856
143
562
831
482
790
172
186
354
587
618
621
628
43
14
427
540
546
837
322
515
486
117
764
464
438
112
12
309
634
652
165
129
214
349
612
4
521
150
710
108
769
684
88
812
698
516
352
244
353
27
759
191
144
876
655
583
340
668
244
974
672
410
104
238
759
68
595
632
218
305
92
339
341
181
152
40
49
856
636
754
883
748
945
380
976
953
315
316
973
559
643
645
321
99
883
432
167
478
64
737
136
157
77
477
690
581
869
91
437
858
197
321
606
494
53
582
447
368
250
420
927
893
417
249
992
301
33
511
131
98
249
619
607
678
97
649
611
318
740
48
176
289
721
134
783
774
716
583
142
967
355
422
212
773
23
205
426
56
68
909
506
669
529
113
347
626
114
310
296
206
359
473
495
432
607
631
207
676
566
701
995
921
475
207
46
498
764
472
555
833
382
413
854
263
527
554
889
993
864
537
200
575
10
695
8
970
678
215
998
244
268
993
166
744
552
212
594
669
37
149
854
771
915
708
34
442
262
275
435
479
812
987
54
175
683
62
145
713
629
143
958
898
488
124
994
40
688
588
61
77
90
915
848
5
624
882
799
238
157
586
717
970
574
772
145
609
834
642
322
816
137
280
66
625
756
60
17
797
0
79
874
90
994
723
447
970
605
246
561
115
833
278
437
759
402
934
368
237
576
690
405
713
971
471
690
79
531
707
876
531
138
751
974
485
826
421
807
783
668
368
250
853
647
687
612
401
621
980
990
197
670
395
262
993
866
952
425
749
12
301
633
502
404
607
987
582
28
147
366
48
515
968
901
514
656
865
916
277
845
906
827
868
302
441
213
520
394
638
270
758
292
903
260
48
510
600
631
890
747
349
291
614
317
192
129
325
58
45
955
255
303
782
475
957
223
689
478
969
679
100
79
323
3
692
372
865
644
355
107
391
56
398
5
725
943
486
51
353
883
6
608
187
140
84
496
715
125
974
37
156
426
116
480
429
808
852
646
452
559
754
195
615
152
553
692
95
39
95
448
275
101
409
814
593
845
310
309
322
637
346
478
63
814
958
845
623
162
491
427
721
597
975
688
102
528
381
549
919
476
350
194
930
759
8
875
956
319
184
278
956
882
756
371
697
67
216
672
229
60
451
303
657
426
991
759
954
724
661
874
201
11
68
483
770
429
358
78
748
895
356
56
777
464
427
826
883
996
850
113
56
302
768
713
728
759
825
683
484
486
909
37
497
977
872
619
758
230
49
506
477
405
914
