1
820
562
178
827
545
719
777
665
461
906
656
123
892
479
164
123
554
187
983
335
572
554
936
692
386
626
441
414
340
441
238
512
355
416
339
900
487
116
566
948
375
574
423
267
54
588
742
608
775
725
943
699
631
231
391
18
210
184
784
902
978
374
415
333
142
106
234
630
575
152
930
950
726
706
217
780
294
959
740
421
36
36
472
667
267
215
37
829
399
821
732
377
195
499
63
338
957
297
320
532
801
602
482
879
308
51
660
954
10
752
727
398
788
199
66
408
414
455
589
814
277
321
543
824
172
606
514
130
255
186
662
408
789
497
288
97
548
300
52
911
52
779
309
193
979
727
601
745
183
190
559
460
864
455
636
388
413
151
870
21
337
885
429
478
382
717
576
930
17
980
841
422
759
503
615
90
230
568
836
413
110
747
225
326
554
214
715
320
365
585
341
54
470
770
533
204
488
461
135
857
441
328
279
552
831
246
995
414
814
183
179
925
282
757
603
189
971
318
509
688
256
850
94
78
620
627
283
460
440
770
318
233
450
949
786
282
196
133
48
362
316
227
639
950
984
243
139
955
913
648
995
169
498
90
600
119
69
883
931
510
5
601
743
455
903
881
89
451
366
137
813
682
365
805
633
701
48
772
9
313
773
4
483
271
94
435
742
516
318
674
378
675
627
473
130
530
355
220
981
721
709
147
756
74
952
741
128
352
865
137
665
638
493
500
262
940
935
4
456
605
30
834
280
10
307
763
540
14
983
874
88
692
21
844
119
325
937
599
29
802
88
46
793
581
547
55
521
834
59
329
792
442
515
424
452
823
187
344
189
522
218
629
567
591
825
38
268
762
637
297
917
725
344
710
658
243
765
180
429
176
861
221
618
377
998
422
552
185
767
93
60
337
723
979
929
548
17
197
311
6
847
228
731
191
938
741
786
55
921
215
231
135
437
202
512
435
976
416
972
743
509
384
81
232
363
362
781
380
559
444
386
758
672
469
949
962
563
735
369
836
303
600
971
92
154
835
879
131
251
851
226
761
588
659
993
951
21
126
684
933
570
422
691
594
244
993
556
807
80
277
643
383
878
615
475
384
450
354
867
54
558
94
815
498
105
160
449
127
639
133
60
209
556
103
156
800
96
64
959
177
342
602
912
572
569
388
956
372
94
824
426
4
270
593
502
375
753
304
854
392
437
266
954
345
370
110
497
818
174
456
995
868
411
260
440
980
0
397
352
94
573
130
451
195
723
305
570
477
609
777
221
399
43
527
744
765
989
594
584
516
50
931
384
813
191
825
794
191
574
498
638
147
629
441
342
352
746
264
181
356
393
403
755
437
930
851
202
272
445
138
788
848
70
172
661
613
997
807
805
571
306
795
70
935
236
764
639
334
381
821
42
774
576
797
563
858
1
118
130
798
256
918
646
326
91
660
940
440
467
97
364
125
244
786
412
832
551
52
166
284
873
209
58
801
358
974
659
359
92
790
510
348
708
156
27
151
168
319
944
988
768
308
113
12
94
526
844
997
930
362
633
803
571
692
604
282
666
615
641
758
405
503
458
114
12
485
617
180
804
561
168
572
869
282
936
316
160
780
665
90
495
299
245
66
343
201
348
361
816
342
471
222
845
929
688
209
767
305
390
571
867
910
496
88
544
432
404
704
565
422
146
60
73
391
478
416
944
179
777
761
521
600
335
718
529
23
928
648
680
670
572
547
580
68
988
125
852
744
181
769
166
328
829
239
71
660
7
16
839
136
129
360
736
464
430
618
839
710
266
519
380
838
419
961
258
407
438
111
151
619
880
670
299
62
909
371
722
917
739
561
405
868
273
142
332
55
760
171
766
378
42
146
569
813
459
827
220
249
290
724
221
523
394
520
937
303
243
659
572
982
572
978
850
197
472
534
252
584
57
370
962
100
869
883
913
680
63
486
930
353
210
151
876
604
23
813
259
619
824
184
953
748
514
804
945
986
690
550
922
748
272
236
200
141
120
465
822
183
951
752
536
513
255
765
469
630
930
81
601
107
265
555
855
779
711
153
117
401
55
39
149
327
275
701
821
747
167
643
930
470
747
819
336
354
936
805
336
866
886
938
325
503
493
181
634
204
686
103
957
93
142
459
420
770
160
241
869
679
236
800
502
983
971
838
689
907
995
26
125
234
964
451
737
809
984
724
13
22
827
970
115
322
429
887
444
942
129
313
621
717
113
123
53
436
313
742
343
309
768
469
543
84
272
280
893
608
4
906
630
184
229
745
506
10
632
950
952
113
263
574
