1
831
729
49
884
165
363
626
861
672
747
682
567
831
954
199
725
562
556
983
544
740
212
289
246
223
273
548
527
387
811
453
218
892
503
454
410
218
432
271
242
179
953
809
11
907
8
88
821
564
71
365
656
284
6
902
859
279
802
386
666
966
192
236
858
695
42
268
265
475
891
859
6
844
668
17
103
28
457
276
945
529
641
601
813
999
856
24
279
658
762
297
624
954
886
835
1
928
455
266
755
347
125
762
191
145
131
295
526
589
923
471
118
565
424
283
916
280
307
195
291
421
845
267
376
731
102
377
659
558
996
415
257
473
529
448
971
660
95
497
249
19
320
719
936
744
2
852
377
661
400
668
83
245
935
811
328
390
540
339
300
888
106
557
362
635
5
685
296
453
534
897
472
854
617
760
950
619
964
327
633
716
347
68
313
283
879
641
25
419
981
325
308
87
882
22
75
887
707
371
692
241
620
164
447
237
276
397
209
241
725
842
957
72
262
271
707
141
264
732
912
245
57
220
685
939
594
760
179
653
483
871
246
103
388
693
341
664
443
902
257
520
96
567
944
358
190
652
499
454
736
763
52
146
336
89
85
930
201
616
936
684
840
182
787
228
228
480
244
23
734
854
543
830
421
487
540
963
491
391
769
228
155
173
374
491
262
811
421
815
780
709
499
620
892
639
200
472
471
444
495
206
650
390
388
423
877
929
386
369
320
508
949
827
681
323
318
296
486
92
111
266
801
963
238
45
602
438
869
73
235
364
631
885
754
20
309
984
949
47
705
621
907
654
449
589
329
119
237
815
211
700
434
365
663
24
410
617
463
280
691
50
996
322
287
103
694
948
439
643
996
144
617
255
798
418
844
127
537
433
294
101
134
80
466
149
105
228
767
920
860
810
322
209
484
609
312
179
558
751
822
906
895
791
161
45
561
358
524
99
143
818
552
629
251
370
779
356
598
898
628
811
708
950
20
192
911
684
371
469
435
546
727
682
689
889
79
251
599
603
702
742
773
254
372
24
624
503
380
574
401
360
385
109
662
757
653
574
441
377
43
228
923
123
910
964
364
341
215
963
944
917
705
718
171
429
742
147
932
475
74
333
187
459
794
850
217
448
424
10
177
819
239
452
942
501
416
306
843
632
269
787
901
327
505
73
756
600
572
689
427
646
374
614
458
169
464
27
969
888
37
146
708
276
598
2
778
366
309
621
998
930
760
252
257
618
325
366
218
249
407
645
896
781
611
354
950
76
381
271
316
770
417
376
47
367
379
177
86
40
798
84
970
910
336
580
528
13
946
746
615
353
743
511
486
707
217
437
783
950
708
451
720
478
828
119
197
559
296
283
599
446
720
921
357
408
853
885
774
799
984
389
504
79
252
991
786
469
780
569
419
840
373
491
670
553
611
868
112
259
503
63
58
223
336
415
984
190
652
758
341
636
499
198
716
751
189
854
572
321
776
343
161
149
834
184
702
797
52
166
57
907
581
115
483
269
882
467
459
534
577
153
523
76
351
591
179
892
445
751
565
221
94
726
722
280
262
424
78
314
942
487
222
875
954
705
145
188
524
956
74
101
109
597
529
812
540
60
704
986
163
269
559
257
348
282
889
610
58
319
277
1
158
851
876
464
908
373
652
432
330
727
885
439
676
766
252
217
826
308
203
989
930
114
598
630
396
839
592
455
159
221
808
317
72
36
134
332
410
786
116
740
513
1
531
190
119
135
759
297
444
314
286
726
428
236
356
825
428
300
632
587
522
440
256
946
476
390
279
238
529
395
978
394
749
862
936
868
997
695
166
441
9
804
519
438
393
227
615
821
528
247
760
50
39
368
996
867
759
627
106
640
23
436
34
124
298
971
992
296
666
510
89
28
315
609
466
708
836
81
881
716
680
641
766
719
9
115
586
120
94
692
760
469
129
795
593
779
118
586
75
136
96
517
164
763
478
982
471
666
63
352
383
743
345
501
814
355
616
401
475
63
93
236
532
574
383
126
354
501
712
781
989
160
298
154
924
128
136
747
795
552
452
178
647
797
679
462
152
648
863
628
711
308
216
243
883
951
369
589
804
433
370
793
946
21
947
870
501
436
969
296
340
421
474
987
219
154
801
723
154
664
703
865
973
271
460
208
222
830
149
26
615
871
172
561
244
471
783
746
259
753
42
599
526
517
587
97
23
388
821
177
405
876
394
730
148
854
290
722
36
439
749
652
310
273
565
555
744
701
301
4
806
343
603
332
212
542
782
587
283
603
116
40
831
510
770
979
717
60
702
