1
105
851
803
757
161
76
675
68
172
376
369
528
182
65
484
866
629
378
648
217
661
603
685
701
435
548
823
766
265
235
468
370
86
623
480
600
51
507
668
224
883
38
104
417
455
588
635
84
967
284
653
980
239
339
34
26
887
857
793
504
445
613
874
531
237
706
131
640
213
152
864
448
190
321
865
997
909
853
433
876
489
87
209
728
426
243
755
665
100
900
169
897
513
395
429
102
102
912
743
667
64
959
116
606
280
333
955
542
186
389
770
675
476
979
756
254
222
863
919
675
763
440
572
628
835
353
731
289
266
826
957
682
137
425
289
770
758
244
312
297
633
82
324
461
414
80
67
636
943
338
663
706
778
236
687
966
941
418
255
207
596
564
242
733
341
531
503
452
127
167
749
113
602
73
926
16
506
994
4
449
332
20
508
111
608
195
429
549
965
36
109
913
953
351
646
294
234
502
746
361
21
847
826
623
273
753
991
779
99
996
580
431
16
440
894
624
987
323
525
304
360
634
217
665
985
216
959
219
718
706
933
739
905
111
715
178
216
706
957
315
54
890
747
70
330
993
46
318
317
924
622
29
558
840
694
544
56
5
115
126
63
400
217
969
512
932
147
728
991
457
44
45
347
143
468
677
136
866
995
805
790
970
186
349
162
232
245
218
238
712
696
301
113
265
622
977
550
770
57
541
227
101
938
574
596
406
251
733
625
599
890
415
921
77
116
83
309
713
653
899
426
349
201
891
966
823
868
516
945
925
57
172
379
348
98
975
754
702
60
731
301
951
499
574
380
615
657
689
329
310
589
107
11
142
998
977
317
218
494
263
495
903
787
226
251
238
554
358
940
614
89
593
917
588
167
649
556
824
691
237
134
280
344
497
774
694
474
443
912
320
58
759
224
198
986
827
436
540
537
376
506
627
969
424
567
136
73
475
312
764
712
798
396
56
295
522
102
121
318
366
442
376
126
18
574
112
845
10
4
383
386
510
362
707
286
281
195
712
757
507
828
469
305
577
878
600
99
332
74
769
699
516
146
825
534
720
289
731
83
645
466
821
155
828
529
442
462
724
506
219
584
334
40
889
911
918
842
363
251
916
132
302
784
278
127
670
351
768
401
786
413
868
607
920
48
488
714
510
213
220
81
149
555
122
38
818
392
232
533
643
500
666
297
284
296
776
954
999
544
708
785
309
928
393
582
976
233
296
839
446
869
920
595
776
42
986
594
435
570
128
430
71
146
728
355
442
504
662
794
401
370
579
62
298
324
644
626
558
293
817
356
162
738
304
938
132
642
532
919
212
12
702
635
158
782
343
953
638
5
99
39
727
30
454
377
707
450
355
265
743
173
973
905
263
629
843
747
623
728
667
836
740
369
823
251
503
166
556
141
523
655
533
250
685
987
979
392
437
687
9
181
860
335
438
475
316
282
222
940
10
889
128
102
610
951
705
113
470
261
255
993
268
140
596
954
127
575
698
916
614
60
449
474
395
888
301
711
522
524
3
884
765
131
338
376
435
44
841
905
305
448
898
926
588
494
880
67
422
930
984
36
990
785
863
737
673
164
801
547
40
804
431
806
288
770
534
723
814
375
628
471
824
878
397
764
725
629
832
499
912
168
887
254
953
102
992
627
619
793
174
659
949
958
465
589
80
999
312
246
727
292
717
903
523
467
667
248
448
851
99
360
19
986
615
973
89
959
952
60
104
478
719
405
788
537
995
868
536
307
114
615
952
184
518
475
651
538
75
451
389
526
164
761
512
131
734
953
90
38
13
546
516
85
951
657
622
946
525
158
606
640
774
910
824
644
385
827
182
812
278
924
338
794
685
202
925
419
508
367
809
521
913
677
606
217
334
228
163
860
739
121
852
865
31
676
861
768
503
44
580
133
320
270
928
5
825
205
776
333
925
585
206
838
262
165
407
597
745
571
809
836
692
661
701
76
689
915
844
544
311
777
677
631
47
957
636
872
515
412
557
440
349
764
630
611
929
38
560
26
609
721
863
653
382
916
729
71
831
926
615
142
703
645
773
750
954
409
975
469
173
532
909
522
648
892
486
929
930
46
956
891
120
819
544
502
735
626
926
567
552
893
61
255
890
835
357
845
596
684
666
770
217
928
644
217
820
130
147
750
529
455
641
649
274
537
503
361
515
781
280
419
27
342
26
917
177
384
114
125
420
781
247
989
709
892
207
881
22
706
631
903
161
624
904
787
513
408
148
381
189
781
800
568
123
179
486
652
915
600
777
335
733
25
325
794
269
532
675
643
590
