1
658
547
751
634
451
538
148
211
38
881
753
819
681
321
942
860
807
946
775
760
724
463
493
101
788
640
370
672
315
13
262
326
912
13
960
716
903
460
927
941
341
680
113
375
2
55
587
161
354
715
273
78
178
119
531
966
759
253
638
426
618
252
752
531
265
65
599
520
525
526
461
219
559
574
594
913
982
533
426
336
248
700
766
778
819
649
744
578
902
734
4
872
986
109
403
603
174
354
123
51
233
937
270
792
863
216
705
197
102
483
533
350
183
651
481
2
300
577
932
554
312
289
427
650
398
182
606
924
537
81
975
770
18
598
914
882
166
971
79
268
454
965
971
638
968
452
992
621
29
925
527
693
214
954
696
612
489
302
536
378
383
863
500
754
461
414
988
628
737
67
248
191
384
219
181
353
671
174
326
53
99
853
746
313
160
442
277
649
96
165
27
480
28
527
234
842
293
222
470
30
641
70
221
378
290
403
83
313
929
409
366
28
614
113
693
774
907
970
423
4
487
802
484
515
681
70
357
974
644
179
4
637
250
578
367
892
333
450
205
262
211
572
290
826
37
335
952
944
305
376
948
144
530
784
659
212
206
369
186
202
900
191
192
150
121
559
394
454
362
600
716
573
172
358
751
561
693
704
505
350
432
806
494
962
942
505
174
501
874
713
703
775
904
247
277
377
807
24
831
521
624
547
446
148
905
198
709
598
254
566
300
686
724
794
0
667
299
527
168
526
240
223
653
496
471
282
873
630
306
56
151
930
603
597
78
860
147
139
810
401
58
110
439
782
904
792
449
555
319
617
81
559
193
734
407
664
17
632
294
323
688
445
606
291
42
684
503
190
176
313
943
234
775
383
16
31
527
818
586
846
787
20
757
980
754
164
644
771
796
290
447
484
735
53
127
130
89
982
672
265
295
967
851
422
702
220
453
229
38
391
75
825
411
184
158
518
700
154
641
848
445
88
684
532
493
811
14
583
793
38
200
440
6
52
214
708
624
19
290
662
411
365
839
174
902
349
44
602
504
686
451
949
774
135
833
620
299
848
203
444
886
403
885
244
807
99
305
783
471
595
797
882
312
989
408
214
338
453
169
842
139
620
143
265
107
977
885
406
177
440
851
415
196
88
660
355
539
317
139
10
912
936
244
224
925
5
791
264
458
960
458
949
932
602
566
39
931
804
798
460
244
649
227
440
89
239
796
980
556
287
991
468
223
587
45
149
592
836
765
402
148
223
351
80
177
918
119
460
74
917
272
318
918
500
111
359
739
259
340
648
898
331
116
121
918
513
622
863
701
387
265
849
963
617
281
140
887
753
953
313
670
225
983
941
77
446
300
169
705
640
817
603
323
933
77
594
799
699
457
500
439
722
702
402
691
983
894
930
736
199
595
759
777
579
52
854
25
352
23
83
345
840
38
668
126
115
262
925
167
71
777
606
794
831
360
837
167
606
120
903
806
715
14
583
646
66
789
672
771
813
755
116
5
793
784
131
261
399
408
780
470
538
386
616
721
98
806
888
704
926
144
510
993
158
445
640
577
235
312
348
400
419
464
405
564
600
889
177
999
649
957
470
539
695
86
261
793
892
149
850
170
293
360
516
804
158
156
381
393
820
729
793
591
545
550
155
145
791
685
497
441
642
319
980
338
405
241
483
650
743
333
172
36
46
688
840
204
844
573
949
16
654
94
607
199
644
115
697
788
800
546
229
794
865
561
132
270
155
968
272
898
301
445
286
347
133
479
903
330
52
852
698
707
298
658
258
295
773
307
83
925
853
312
719
718
225
204
341
732
172
965
630
825
410
269
525
896
748
428
578
152
633
276
211
931
934
470
226
59
129
661
336
983
325
408
53
551
964
746
283
488
712
266
313
474
535
838
370
635
619
300
139
252
577
351
535
863
173
114
275
302
775
963
637
101
371
43
652
687
789
287
175
501
553
841
976
440
679
698
75
650
999
567
902
928
918
790
791
443
904
418
97
679
382
735
780
105
778
784
793
919
72
320
421
625
161
749
418
193
447
845
843
446
412
98
726
682
888
870
125
792
288
575
823
22
662
604
128
440
740
273
359
812
945
132
790
107
881
208
652
681
405
495
479
818
945
206
852
833
76
978
977
364
905
801
387
567
757
867
359
497
492
718
662
437
203
452
896
436
12
548
117
417
396
597
587
341
803
440
527
231
770
856
595
675
9
334
242
766
553
601
616
45
671
278
835
226
82
731
663
94
632
780
863
380
377
803
73
532
243
600
763
365
809
711
40
818
397
634
585
