1
951
587
553
348
610
831
535
837
913
267
500
359
251
280
574
631
10
377
704
894
972
657
658
337
466
721
729
284
118
363
221
421
302
774
122
913
605
657
750
870
276
250
581
527
882
156
158
244
885
863
139
858
872
149
195
338
870
925
622
988
640
196
762
943
970
884
856
928
541
958
798
818
560
732
697
442
888
856
687
125
71
178
983
943
327
531
633
197
808
255
537
448
451
299
743
774
535
951
702
429
909
852
599
469
584
296
264
824
504
951
950
575
481
285
870
808
816
503
5
624
111
542
73
914
194
168
688
81
120
390
510
29
595
109
851
179
758
115
356
262
418
306
190
899
943
60
707
760
916
64
384
27
958
809
293
504
978
982
586
450
724
96
831
319
558
682
851
316
149
207
930
919
865
120
170
808
533
877
568
801
293
305
180
252
114
473
108
444
455
694
246
180
143
78
851
701
112
702
369
262
909
651
181
126
124
352
935
657
581
855
810
227
512
990
831
979
463
939
423
919
634
670
451
129
100
654
182
212
357
551
826
618
554
360
97
678
64
384
335
997
239
145
224
752
487
407
731
951
347
506
222
333
528
25
462
628
679
644
193
388
547
19
7
101
731
456
780
795
840
467
793
79
965
369
183
452
777
266
403
124
125
977
809
653
2
623
634
682
619
179
422
166
550
781
619
282
237
751
77
77
571
222
509
536
592
692
340
369
311
744
845
436
73
654
441
76
629
75
110
248
606
532
766
157
314
385
439
903
489
868
981
60
91
490
596
683
534
936
404
845
32
249
281
458
255
723
534
884
150
996
484
757
880
250
914
546
987
705
450
476
573
783
888
664
273
836
347
807
125
103
5
509
352
286
967
959
361
853
195
512
201
679
621
82
281
535
980
621
240
430
449
813
565
338
830
838
174
529
998
651
633
3
161
337
641
128
297
3
334
844
867
535
876
488
969
157
375
950
778
615
732
580
780
298
918
610
488
444
140
486
96
125
841
609
462
483
89
111
838
423
956
57
959
832
545
280
341
920
230
472
887
315
52
19
965
322
982
453
766
474
292
214
599
133
823
413
968
913
525
158
336
481
215
647
313
112
280
654
32
862
478
271
177
530
643
142
852
625
948
619
451
240
185
50
725
9
463
46
274
340
556
962
821
772
962
486
884
242
493
269
104
971
892
634
502
535
776
354
512
76
325
963
668
863
365
746
872
181
792
498
521
700
460
695
472
422
181
709
664
674
330
769
646
574
403
500
462
531
206
326
960
884
642
628
747
359
374
971
892
518
469
414
219
929
461
43
704
642
104
368
669
786
489
667
361
244
519
175
128
725
501
88
961
143
68
708
855
443
31
747
313
500
161
532
782
974
928
838
969
32
206
638
171
48
657
884
644
176
59
124
901
912
212
863
56
633
923
911
76
955
658
741
807
172
626
941
498
554
779
467
938
338
105
109
386
762
993
382
938
404
507
192
317
71
407
725
704
330
988
132
637
998
874
445
522
500
386
21
54
166
488
344
504
946
454
242
60
799
624
351
204
483
543
873
555
950
598
259
632
586
392
270
936
266
67
459
766
453
480
172
971
320
516
827
266
322
69
327
474
46
30
678
529
573
903
84
875
501
696
859
439
88
129
375
706
196
186
824
2
666
348
973
339
864
801
605
539
222
284
13
620
666
43
150
239
946
586
466
799
634
326
590
74
455
965
780
4
152
956
6
170
304
331
509
521
484
467
412
707
103
425
327
770
468
829
361
766
416
828
565
50
506
155
125
313
472
257
317
976
214
675
499
870
7
360
743
491
179
155
550
635
580
878
405
400
707
118
518
475
298
435
878
804
942
355
118
415
964
435
743
530
463
594
401
822
955
496
313
134
652
216
769
232
94
526
985
153
997
503
981
295
939
211
100
881
918
570
648
882
357
744
413
820
338
166
642
293
662
308
780
666
524
901
251
970
428
236
475
425
91
456
72
382
19
172
616
937
742
616
820
100
360
585
272
699
103
915
344
117
575
476
784
99
378
35
69
158
623
544
935
714
353
7
97
372
532
65
310
626
681
482
78
42
67
351
93
170
618
789
639
193
266
423
292
996
458
713
154
81
609
441
148
314
800
597
687
332
662
349
311
343
831
389
737
250
92
182
772
710
972
411
255
590
835
899
586
293
612
92
727
574
533
875
888
333
824
927
18
486
276
329
181
107
718
271
357
163
453
481
873
777
893
129
367
728
28
305
373
993
397
100
919
282
327
807
616
151
735
986
989
363
315
171
471
385
794
180
548
247
662
