1
774
25
555
255
744
635
635
50
8
628
447
461
547
730
788
707
698
292
794
684
281
157
351
804
980
88
950
161
637
198
175
763
575
82
18
319
717
653
369
77
634
817
538
533
899
679
240
949
323
386
633
956
544
336
113
524
424
63
37
413
261
564
176
836
998
194
508
67
200
877
145
834
46
35
367
945
714
960
894
37
346
879
994
242
567
107
119
992
522
508
405
784
73
934
972
423
480
480
491
680
710
636
514
756
671
234
54
738
546
300
127
892
532
121
487
99
580
606
91
455
466
849
239
539
135
563
315
615
396
806
296
106
794
162
214
465
748
620
555
294
921
683
539
805
156
26
904
89
984
348
544
450
197
783
342
684
698
657
299
94
463
947
552
257
110
119
74
858
739
982
153
12
665
692
817
821
70
74
910
54
422
454
504
971
589
846
655
288
855
954
734
670
902
639
279
364
758
354
222
849
336
727
214
353
771
383
174
193
457
85
247
879
891
104
850
481
302
505
121
510
812
207
180
66
846
460
430
956
166
4
158
854
84
372
207
207
107
733
401
565
170
0
796
62
104
999
895
759
856
16
269
668
575
449
734
422
261
164
730
427
521
888
281
605
612
840
812
720
574
213
637
744
566
433
158
22
432
53
781
289
421
402
309
997
204
396
419
465
560
149
245
433
390
878
38
2
719
203
74
645
768
711
389
334
497
548
357
281
953
490
922
375
893
232
372
449
628
143
914
540
644
159
974
34
390
364
389
109
567
463
754
336
175
495
670
24
395
27
305
349
870
228
76
763
812
800
212
440
943
478
332
587
990
306
974
380
671
363
841
238
178
595
926
705
442
597
729
190
976
35
891
846
615
967
961
427
767
173
219
62
4
551
1
994
210
975
726
881
690
567
471
869
514
398
574
308
347
656
498
323
43
389
522
658
708
483
437
827
9
656
889
13
559
891
359
769
218
437
2
261
4
826
130
518
576
56
178
923
712
677
598
107
418
120
765
127
956
554
954
965
562
196
330
122
439
689
891
657
126
246
918
482
72
400
352
648
809
530
923
873
207
521
981
978
994
98
105
950
653
411
915
215
959
245
337
398
286
581
408
764
827
326
598
899
79
950
899
888
480
822
113
40
343
94
370
337
193
827
639
198
238
554
413
550
151
103
948
789
684
356
905
863
35
503
114
466
453
13
706
286
835
819
678
530
914
48
220
459
875
859
657
465
766
70
15
917
173
316
59
209
24
964
424
411
468
538
877
273
551
583
559
386
403
589
269
669
637
489
128
864
348
785
330
114
207
697
384
733
365
443
294
390
759
719
801
227
257
31
501
161
966
412
899
369
2
168
390
991
657
518
856
6
655
538
472
863
587
208
596
953
3
890
695
763
961
848
342
219
879
195
380
846
608
631
567
962
800
310
305
457
180
513
815
836
403
640
699
991
848
647
296
852
889
343
967
851
191
309
422
423
505
154
621
465
785
540
779
585
850
84
395
31
598
562
219
1
202
270
344
403
269
992
607
158
335
574
361
879
235
783
654
92
937
627
557
75
519
336
660
370
773
407
753
371
970
324
724
524
594
421
927
863
413
534
373
101
460
735
332
696
518
986
788
808
965
698
883
484
34
895
206
159
655
959
530
625
635
607
501
229
28
429
444
793
315
818
894
776
905
226
472
775
212
612
935
177
662
170
14
697
66
220
208
73
532
739
50
167
698
551
749
726
980
193
519
296
363
766
72
268
992
896
396
557
860
331
86
523
502
100
572
920
321
780
993
853
871
43
20
921
946
769
647
927
315
519
575
30
637
999
651
629
247
47
538
459
378
625
982
232
725
906
152
398
39
497
251
262
892
624
184
839
745
831
118
412
702
693
443
339
44
94
321
291
141
859
102
871
484
85
104
562
343
608
312
382
106
916
645
998
540
829
189
637
12
307
50
67
352
845
758
396
939
79
39
432
939
142
303
775
579
759
689
922
368
2
657
826
918
654
176
810
835
366
799
199
673
849
618
26
694
377
774
985
456
166
417
747
308
73
875
887
832
564
161
552
918
170
378
188
176
555
350
363
273
150
563
946
351
181
324
46
910
451
383
719
617
801
466
925
874
693
164
58
610
677
963
528
200
341
69
728
248
419
92
521
569
7
820
921
540
496
319
451
299
702
170
916
855
988
193
81
682
709
140
644
739
103
524
939
796
593
19
397
365
111
270
934
470
90
207
11
939
878
814
238
581
336
507
788
324
700
870
358
410
10
2
501
465
879
440
613
472
811
10
189
923
281
124
745
