1
723
683
108
662
562
922
253
495
258
760
635
935
812
505
645
574
867
0
75
684
879
867
298
703
679
308
893
954
589
369
699
665
52
808
327
966
82
932
813
693
44
449
980
857
306
625
431
174
625
507
858
856
726
156
560
405
817
453
359
406
822
411
423
226
219
751
545
653
35
710
346
80
511
326
289
818
304
72
344
929
579
554
786
306
63
698
63
880
151
423
638
325
834
62
903
405
165
800
410
200
511
757
632
374
435
921
192
91
994
888
21
925
443
159
583
506
209
999
738
360
422
376
37
608
438
292
365
603
93
775
156
956
884
140
330
672
414
875
763
760
763
136
37
558
647
621
416
856
972
154
216
746
531
605
354
321
898
71
925
343
846
433
299
83
573
981
107
987
856
870
747
972
7
137
882
654
110
299
863
82
453
79
828
336
37
182
658
287
605
583
630
803
368
281
886
293
262
993
281
471
216
380
795
575
517
677
581
627
976
444
61
782
876
889
118
913
423
776
552
28
711
182
832
79
815
70
373
429
64
6
252
632
738
47
207
608
77
788
587
405
233
649
187
109
538
306
374
962
434
926
990
146
108
174
577
275
245
302
56
661
660
309
293
751
708
500
359
785
640
298
191
873
947
378
982
838
36
356
152
823
634
494
321
742
669
898
369
914
553
426
927
213
735
220
316
443
72
675
581
64
326
772
938
273
502
272
463
891
981
615
714
615
110
387
710
779
285
431
45
190
857
972
756
944
544
72
740
968
100
321
384
426
445
322
51
299
947
515
190
280
130
256
895
240
643
957
371
281
389
416
471
598
740
579
895
636
652
635
956
752
308
341
530
753
15
581
52
962
96
595
594
227
851
842
819
847
799
191
480
540
959
951
491
52
883
386
40
535
21
349
639
681
690
169
434
57
102
838
372
199
433
966
778
637
808
597
836
960
140
316
500
452
619
343
504
502
729
896
389
102
245
380
783
287
901
569
345
4
408
69
203
193
35
333
182
196
282
18
156
423
334
8
227
306
352
83
808
81
979
550
536
577
930
319
864
832
889
561
836
649
630
391
842
18
76
25
566
358
395
722
133
82
730
360
388
434
443
548
868
775
98
404
352
381
75
568
213
964
130
401
965
112
144
160
482
220
537
48
578
932
770
712
14
853
424
754
287
220
655
507
995
105
911
347
486
987
915
51
303
397
452
269
510
596
781
344
816
318
393
747
250
515
811
617
368
235
723
8
455
378
515
802
484
427
149
970
766
417
22
421
814
826
690
676
423
823
21
591
141
766
338
392
281
149
361
650
385
84
10
192
463
525
995
299
304
496
269
422
913
643
844
80
470
886
108
245
710
481
836
851
247
527
595
529
676
956
531
413
41
541
606
856
418
953
155
75
449
776
497
715
772
693
147
594
580
255
839
290
89
27
493
336
554
89
217
231
45
100
996
438
641
602
646
412
555
153
487
357
930
336
72
702
30
219
296
962
826
487
252
915
514
97
604
69
186
821
652
584
922
648
374
915
603
21
679
510
174
518
867
456
855
291
510
237
862
158
199
689
645
803
956
512
900
560
581
439
382
585
23
656
233
749
923
188
770
603
699
297
121
918
753
328
210
264
565
72
422
116
113
420
271
70
932
172
630
865
963
364
450
338
372
35
87
296
224
858
899
275
507
20
193
260
701
755
876
266
828
651
735
293
423
6
363
355
530
346
220
493
710
22
831
83
57
919
379
633
129
630
908
636
2
102
248
703
857
477
322
37
480
57
683
903
63
46
258
594
392
830
439
455
852
271
890
261
542
269
895
671
251
155
659
253
609
259
957
819
88
279
856
568
688
891
471
751
938
81
697
682
911
137
489
115
760
379
377
302
0
624
325
251
779
336
857
389
595
166
208
36
797
416
604
485
308
428
588
598
861
286
632
125
775
122
240
535
853
969
189
854
593
866
457
725
202
314
114
149
480
674
185
277
90
142
114
750
570
703
348
783
989
333
908
116
455
149
651
308
470
192
514
64
58
972
789
260
638
255
409
471
929
947
100
371
89
215
122
11
918
822
794
259
155
703
375
962
204
378
623
674
570
137
90
980
461
231
240
452
486
1
923
767
300
23
139
389
590
613
752
860
435
899
471
943
954
846
905
158
576
528
184
498
666
627
478
479
858
70
931
697
72
854
464
372
230
955
114
172
568
866
33
356
117
504
299
71
703
204
229
631
85
766
482
103
393
960
582
603
31
514
300
455
720
765
179
302
72
645
827
641
864
212
349
981
716
648
53
771
204
634
755
289
