1
400
237
392
145
197
327
749
580
193
49
387
265
166
567
920
239
212
747
232
76
959
581
410
27
581
463
799
137
97
906
427
850
143
171
995
692
850
96
273
43
498
12
309
664
579
229
255
144
328
839
572
287
772
982
314
705
445
465
843
895
371
622
97
866
145
92
559
996
541
184
39
39
196
700
55
128
281
663
272
609
502
196
248
627
179
915
332
976
732
175
223
104
797
320
322
295
765
881
291
306
65
682
697
262
383
752
390
16
767
14
978
270
210
226
249
741
141
581
70
874
109
293
330
258
966
652
553
731
886
844
389
951
527
86
565
262
190
307
630
310
321
608
932
884
187
181
977
680
762
47
906
871
693
236
482
11
241
35
742
127
880
483
430
759
921
996
21
463
303
651
773
977
612
705
213
799
886
190
479
1
590
386
224
635
974
706
646
215
742
740
694
974
575
477
733
496
825
106
959
480
109
85
809
721
790
22
872
29
213
352
382
155
738
606
790
64
665
788
280
407
528
326
733
103
155
466
951
332
924
910
813
33
347
622
107
490
645
979
519
210
683
901
365
421
859
507
486
524
295
118
931
823
796
664
278
304
482
229
636
406
491
449
792
839
424
251
329
421
230
200
631
266
453
348
687
312
855
525
837
150
995
120
325
144
137
955
800
619
184
436
378
27
238
522
218
662
773
899
435
355
99
66
621
552
414
661
217
621
538
54
123
886
526
448
30
663
403
182
635
939
618
365
966
208
887
185
222
660
84
657
367
536
75
989
440
841
2
657
462
540
63
585
426
590
385
808
605
140
990
240
79
961
605
398
521
844
935
744
504
371
401
224
259
829
565
700
670
567
709
133
107
773
70
886
715
456
694
320
948
37
561
28
350
518
778
871
363
713
967
219
436
721
443
696
550
8
748
220
575
457
705
35
582
776
921
297
584
967
618
532
356
531
912
706
49
42
930
412
107
897
632
544
618
427
592
168
436
340
741
363
797
446
750
380
574
671
29
510
991
647
395
347
178
659
406
580
702
336
992
809
585
976
705
204
404
297
372
192
637
465
907
787
912
658
519
838
681
548
349
672
548
96
20
726
755
778
658
457
466
651
267
51
627
324
255
383
622
980
927
611
445
835
398
709
493
917
548
174
818
249
199
366
345
571
444
100
349
103
558
815
106
177
866
85
501
474
469
475
454
396
87
899
583
485
961
428
755
509
955
925
758
154
291
455
77
87
555
426
190
465
593
648
994
811
734
848
285
555
323
739
303
762
991
887
600
952
315
355
813
622
632
923
776
923
378
853
362
285
631
905
103
576
553
97
388
287
297
673
842
973
413
146
735
756
385
335
60
52
42
873
675
674
148
803
949
878
9
312
163
992
217
266
569
770
716
957
410
13
630
604
986
395
102
722
503
487
409
563
892
452
788
919
126
936
74
76
814
83
388
330
76
957
948
997
79
664
954
489
30
936
94
16
332
548
90
835
388
500
751
280
952
539
551
430
828
625
506
994
709
246
324
137
555
273
134
635
289
440
124
319
376
570
688
60
119
778
248
859
630
999
491
582
890
42
365
718
667
223
713
728
822
389
217
377
14
703
12
304
143
137
623
872
59
663
932
530
442
180
389
72
531
232
7
422
274
724
140
942
947
205
22
769
595
240
147
609
943
511
265
439
648
241
311
60
904
243
590
698
776
332
771
307
564
130
729
191
854
870
485
801
427
507
923
374
99
422
336
43
933
601
482
934
842
793
994
99
388
936
797
164
620
920
472
537
50
201
728
256
423
213
410
851
720
333
225
172
755
561
215
688
515
49
974
709
194
968
808
582
257
958
747
877
878
219
414
281
772
142
537
196
707
947
399
780
632
976
952
387
538
519
428
405
568
402
114
762
723
275
344
980
233
443
209
463
662
976
744
435
470
634
983
178
933
382
958
566
358
262
305
248
781
733
653
701
488
768
463
563
43
159
543
628
603
104
91
265
80
188
52
551
822
387
81
107
769
391
673
480
653
979
80
786
64
734
487
552
854
950
115
249
109
10
877
712
467
320
330
547
860
734
98
682
122
531
142
243
922
815
75
575
794
156
361
211
242
848
763
96
150
231
697
612
593
926
324
60
246
6
960
107
93
410
141
567
942
283
162
864
451
238
440
597
746
153
808
988
354
924
436
504
507
485
468
100
411
793
513
9
151
473
468
596
883
962
163
825
597
326
690
48
916
482
646
662
635
806
2
341
730
790
198
237
275
666
690
686
811
555
695
315
28
516
911
263
478
75
89
75
401
131
