1
124
669
613
122
331
600
928
685
294
11
475
492
600
750
158
290
436
322
845
483
637
225
999
548
489
829
623
930
905
376
61
29
45
26
503
728
978
783
413
272
794
888
764
395
990
275
37
778
597
235
614
234
460
613
134
301
795
758
231
700
486
644
81
884
670
584
612
649
367
378
273
514
618
390
909
609
665
946
739
614
181
353
200
994
319
334
295
114
444
879
814
931
523
895
815
194
831
779
195
550
509
820
64
128
210
973
89
875
272
828
489
453
182
41
799
853
376
95
967
820
974
781
751
849
28
918
395
211
50
590
113
559
411
178
39
621
503
128
849
775
309
690
581
491
732
732
344
460
827
663
280
153
796
384
3
824
654
398
387
704
341
500
616
104
30
655
77
534
784
278
661
93
969
594
936
53
327
632
513
506
295
145
660
91
529
15
267
184
413
6
240
106
858
856
210
889
512
640
423
648
918
436
93
239
31
29
292
710
13
157
216
660
303
876
103
832
243
722
368
657
728
609
115
586
817
678
475
329
318
250
329
588
687
422
828
70
451
472
780
816
630
996
476
933
225
579
117
468
301
838
477
381
447
593
968
616
623
795
298
293
46
627
881
85
50
61
155
853
534
287
670
516
283
146
449
508
726
918
329
379
756
806
761
555
751
729
172
374
876
470
667
274
97
549
359
499
962
866
353
496
153
23
12
789
169
813
297
247
84
978
627
840
785
388
396
536
469
920
263
697
390
930
972
839
831
331
339
794
550
692
642
703
715
7
492
236
820
142
484
904
472
463
97
257
203
845
146
24
765
409
721
507
339
693
698
523
377
37
317
927
81
959
982
148
966
827
385
139
321
221
395
793
36
492
51
239
689
549
615
454
958
336
313
649
30
12
172
407
49
489
686
483
801
668
631
119
495
368
258
816
941
6
610
977
850
13
568
540
562
183
994
520
520
308
521
902
672
694
661
721
535
347
556
688
367
188
808
863
908
418
31
850
424
993
179
275
6
100
815
920
283
161
440
155
821
314
409
493
8
70
567
895
769
123
584
137
663
744
352
572
162
383
774
939
729
305
214
735
405
381
656
41
894
448
548
68
762
958
913
122
380
832
370
150
956
954
639
971
698
343
895
212
726
669
151
807
327
365
543
732
98
551
125
345
351
674
413
466
984
326
588
364
159
958
866
467
264
857
790
314
200
686
527
279
707
678
86
34
396
981
119
494
532
596
839
236
270
604
702
606
283
642
323
794
953
189
613
217
399
403
532
599
89
411
230
797
89
317
183
485
298
654
980
183
251
171
419
521
128
473
480
411
115
803
205
68
344
818
638
743
573
522
695
663
933
925
812
22
594
995
860
245
650
192
428
253
363
199
126
491
672
606
254
139
409
811
208
754
981
198
497
555
72
192
218
5
470
382
379
64
729
591
309
731
783
89
984
499
288
111
342
312
717
597
452
127
408
12
233
390
210
730
297
634
275
515
639
97
249
370
161
978
962
823
710
745
912
694
244
553
805
587
865
875
536
669
354
296
681
587
38
243
669
335
877
944
202
868
41
451
239
555
430
201
378
140
298
642
186
895
195
344
834
61
219
722
730
925
18
764
512
57
7
181
392
237
478
947
105
871
398
696
778
180
897
508
320
548
151
859
795
346
203
629
759
774
351
842
51
369
958
563
778
965
96
523
554
926
470
660
150
868
356
280
49
606
789
721
506
940
932
301
638
487
282
750
261
633
592
312
354
550
227
485
867
676
8
774
954
830
434
104
698
142
385
99
100
526
173
606
818
457
259
456
945
541
206
558
526
150
871
881
700
450
366
920
478
726
694
433
556
480
537
606
974
274
58
75
152
583
33
970
40
645
427
985
186
985
544
713
136
767
946
188
569
664
460
48
742
154
481
298
986
370
256
961
997
314
388
149
897
773
120
290
418
547
275
957
532
171
670
20
938
968
209
860
984
669
908
726
176
389
376
162
111
632
475
108
947
215
258
196
989
378
486
407
277
114
364
161
285
386
534
576
706
743
436
690
764
696
768
940
85
144
455
548
129
930
657
428
498
267
976
487
645
463
246
274
929
611
787
566
349
321
142
408
416
930
450
181
626
219
473
63
715
928
612
196
211
269
624
709
536
601
196
533
416
794
159
345
405
298
911
107
620
406
515
388
336
965
569
963
536
43
26
604
323
990
800
534
259
425
595
147
378
143
32
794
938
191
491
695
490
402
802
462
160
669
850
497
987
772
812
523
167
190
127
490
181
928
377
792
705
972
292
83
468
324
877
406
