1
868
368
101
710
122
256
172
635
277
374
132
264
498
296
788
665
486
915
156
19
195
885
164
900
857
456
983
325
780
212
83
0
580
537
710
55
145
234
690
422
961
174
687
459
470
827
125
308
742
633
680
290
518
844
190
727
300
526
405
432
738
488
433
671
25
495
78
522
730
768
945
43
294
984
502
116
811
627
424
905
260
104
195
130
300
738
858
600
264
263
385
2
103
170
673
129
665
103
3
747
871
948
790
517
932
293
633
743
272
410
1
885
514
196
15
167
934
225
119
198
488
504
553
592
674
578
73
692
682
76
791
905
377
934
423
661
227
56
757
851
466
758
736
333
954
104
852
241
329
971
439
170
476
344
762
502
923
187
194
957
263
338
862
992
272
637
654
851
694
411
702
512
169
791
197
123
247
49
364
576
21
156
98
849
852
860
351
127
47
898
84
663
236
299
655
860
936
661
711
982
72
765
847
241
556
44
717
155
446
433
84
819
941
182
668
794
395
371
273
442
621
358
457
209
657
465
69
945
126
780
928
199
898
775
792
806
171
861
962
969
295
46
140
588
228
160
734
623
532
8
418
505
718
227
715
727
692
784
672
171
917
952
722
815
727
514
621
251
728
935
572
375
981
713
963
562
873
50
537
757
58
307
263
776
535
978
503
579
114
527
102
31
480
824
198
559
691
172
162
419
107
735
794
89
448
109
3
673
159
892
431
569
200
694
697
87
24
552
666
138
80
769
170
912
945
368
471
636
540
634
407
648
721
201
89
169
663
444
194
174
336
625
96
888
671
793
975
695
698
994
834
778
763
356
42
60
76
513
697
617
499
104
617
220
658
58
741
673
854
936
847
190
913
295
79
585
89
406
632
787
400
818
917
515
174
311
576
251
824
625
220
676
729
189
896
739
599
638
412
453
926
612
995
839
259
426
776
348
833
761
487
233
579
756
749
106
67
677
357
244
302
929
920
31
118
168
123
717
806
887
170
84
851
517
276
111
944
404
811
777
165
651
362
97
407
463
203
827
140
912
423
442
841
343
826
959
511
301
28
670
188
550
106
40
67
382
503
363
787
314
140
304
965
855
753
725
318
308
552
811
220
975
605
61
670
431
372
533
732
400
555
273
302
662
665
370
396
168
733
535
482
226
192
800
433
945
525
751
254
77
914
826
404
520
240
426
951
964
311
36
365
219
661
19
881
326
389
629
846
475
165
328
53
709
128
486
654
653
589
260
82
504
439
838
24
679
616
327
643
928
715
360
499
376
380
732
54
121
361
900
948
878
581
1
587
709
487
594
715
77
206
149
933
645
340
309
676
956
636
320
236
704
32
735
432
764
467
487
886
181
387
834
59
320
836
999
382
675
593
97
104
799
598
37
445
290
346
121
599
335
793
835
39
826
923
471
590
742
310
828
923
50
15
335
370
203
334
752
878
279
201
335
78
800
372
875
442
71
349
41
758
142
877
149
320
152
972
263
246
283
91
522
333
458
857
703
661
543
456
540
822
9
227
252
809
951
128
252
22
477
645
132
971
522
281
292
26
254
555
273
537
998
147
222
457
4
925
118
899
733
10
73
743
237
325
904
189
805
508
563
282
154
48
606
28
329
898
407
935
805
680
824
155
179
46
612
183
324
83
434
57
445
507
152
35
184
409
576
990
917
139
624
423
539
230
804
869
128
211
804
285
243
981
441
422
27
405
957
351
488
391
761
286
250
265
321
434
674
897
776
944
388
401
367
280
983
523
149
464
734
305
749
977
286
190
751
666
948
708
17
436
451
778
74
701
396
395
488
70
644
616
14
385
369
734
665
353
257
166
817
992
823
918
321
462
461
73
128
409
781
145
845
585
276
272
286
672
19
126
94
16
743
109
401
464
195
418
817
452
936
986
796
759
905
470
221
366
895
349
775
28
847
972
613
475
244
252
147
264
378
593
280
473
702
33
938
249
803
107
54
91
94
202
850
999
672
424
365
567
125
492
596
324
464
209
799
61
461
298
325
192
892
957
665
946
342
955
196
497
63
250
588
157
452
790
508
477
566
873
396
692
365
992
16
181
554
168
242
367
466
919
559
358
228
577
305
922
884
853
419
947
455
359
456
259
502
964
736
68
189
133
112
906
477
481
440
383
649
682
751
467
602
662
826
182
239
483
105
476
688
524
775
143
236
232
402
738
548
491
158
90
976
271
996
453
752
436
837
753
471
940
220
425
602
398
607
194
233
64
670
921
589
445
64
177
29
819
915
930
310
73
20
286
696
368
91
800
157
280
553
