1
783
802
916
154
814
532
222
166
544
529
323
859
100
750
587
338
381
249
939
57
124
424
772
151
272
570
655
47
862
810
745
998
965
661
152
131
546
375
297
90
256
972
301
709
723
889
47
456
138
338
865
262
114
638
413
738
560
420
785
422
583
530
772
548
544
925
679
442
652
328
884
260
301
185
321
376
74
720
832
564
58
697
827
524
687
592
263
247
365
400
22
948
283
794
496
179
71
175
621
723
855
857
336
156
42
657
884
117
378
716
33
788
766
860
665
453
805
280
701
170
32
75
470
315
869
966
846
941
493
819
16
700
676
704
857
719
362
93
188
92
810
221
232
928
434
897
733
591
177
434
113
562
861
583
877
731
901
76
24
746
895
392
446
924
97
655
995
459
749
183
903
911
756
135
839
542
385
572
133
914
359
246
476
220
181
706
303
82
782
327
828
29
72
627
305
169
634
300
980
383
835
883
646
592
370
837
486
107
762
620
22
121
218
850
693
400
556
349
482
690
28
663
72
100
642
377
269
276
30
249
12
865
484
658
809
207
848
296
314
610
916
688
83
134
539
128
534
447
477
369
138
506
384
562
958
26
291
228
654
321
829
666
187
666
677
996
873
525
292
187
135
560
876
218
47
767
346
933
214
176
302
704
34
38
618
992
64
910
220
71
231
402
737
770
68
766
119
941
643
763
480
130
676
708
700
723
475
399
656
42
575
311
746
609
349
365
601
414
627
174
837
210
576
574
333
996
693
452
937
336
567
769
819
243
478
519
966
305
918
975
699
493
286
446
454
635
163
56
401
790
582
238
352
510
165
685
506
210
137
795
898
57
564
717
300
394
237
619
52
155
594
751
1
232
549
455
219
712
511
973
854
445
563
207
955
80
892
461
290
382
256
541
439
173
258
91
919
847
710
971
3
656
75
4
240
624
811
460
689
675
433
895
120
996
454
76
429
699
537
719
81
146
260
872
319
871
315
590
718
26
562
73
34
637
429
275
613
241
735
654
916
520
550
36
868
4
464
297
703
354
369
136
500
981
360
171
852
676
761
923
54
675
996
88
664
426
715
278
667
802
932
583
322
834
971
543
839
436
840
894
142
561
383
642
543
743
165
747
771
278
670
825
954
667
266
970
93
981
248
112
784
533
47
458
367
18
1
558
806
194
805
948
107
188
942
650
283
459
398
55
738
68
880
44
87
146
14
180
480
615
292
264
500
691
74
219
710
76
778
868
622
935
817
729
123
111
732
758
571
130
813
661
550
46
705
638
544
719
170
24
686
815
640
186
506
715
406
568
143
536
437
117
471
606
846
946
69
578
704
992
60
870
653
963
268
358
953
812
430
123
189
468
290
181
655
149
896
413
717
391
949
506
508
772
464
355
718
534
285
774
526
698
996
532
661
264
890
614
429
672
89
618
493
732
151
148
881
48
561
950
439
862
809
300
634
273
7
352
807
292
478
686
990
475
218
3
91
460
969
520
485
59
490
978
791
642
478
24
42
391
974
833
253
783
133
887
409
140
591
568
785
421
254
775
896
824
131
988
285
100
860
122
159
351
452
302
345
930
326
387
321
653
220
926
788
706
813
197
846
756
766
631
177
372
759
426
197
890
766
834
990
626
308
502
329
760
156
674
690
835
413
363
488
986
289
628
692
454
178
538
210
296
170
739
668
281
165
217
171
931
51
513
910
711
15
591
471
524
618
161
359
31
524
199
17
165
827
709
619
357
600
181
653
770
921
322
51
438
891
574
722
295
87
632
6
455
575
478
979
193
991
690
225
516
889
594
33
716
304
653
426
904
186
79
26
107
753
429
546
645
355
268
940
794
252
946
601
827
424
580
21
768
270
598
284
511
544
669
580
200
674
6
456
861
85
482
968
839
263
866
484
970
486
776
765
90
722
366
270
499
299
291
267
921
241
903
433
785
924
13
338
599
371
794
460
456
277
780
647
892
999
483
863
485
259
628
928
334
346
198
185
645
841
804
919
434
59
352
219
983
717
557
934
88
704
394
896
981
527
544
225
526
27
440
363
639
420
291
973
767
841
510
764
682
314
683
116
725
387
688
708
104
597
643
544
301
389
441
634
916
985
860
794
364
652
510
3
73
153
328
192
995
838
956
677
504
992
794
229
379
482
290
836
431
285
380
733
674
821
367
943
158
579
89
523
232
599
878
305
753
207
849
748
397
805
777
254
797
571
483
529
405
125
365
837
410
745
922
437
919
289
732
77
221
821
952
453
773
831
110
878
390
959
626
787
116
403
393
914
327
