1
628
220
126
405
823
524
12
17
758
77
687
679
18
484
96
547
866
915
462
796
577
887
816
215
936
184
306
736
341
587
290
321
807
416
726
630
292
91
999
50
520
38
82
890
523
530
437
389
445
251
185
374
490
353
589
426
537
895
163
231
834
805
904
642
573
631
624
865
74
624
268
594
662
702
484
537
232
273
926
29
524
463
403
14
816
992
441
706
239
956
289
74
761
193
68
334
176
692
551
250
668
819
196
331
873
680
220
105
953
499
134
829
962
537
844
131
881
637
189
121
945
478
547
706
23
615
392
200
307
295
802
976
115
999
659
340
679
879
446
985
378
580
814
693
470
10
824
351
999
13
824
944
843
371
2
218
986
746
418
646
42
221
974
509
572
633
849
251
512
295
588
243
228
755
936
50
117
760
753
469
125
578
765
320
301
768
538
640
514
309
286
908
882
612
417
454
245
267
57
109
914
998
352
142
753
288
192
222
400
946
691
877
876
457
549
177
577
440
169
443
749
807
352
631
419
769
437
16
36
494
126
951
492
830
445
597
119
638
820
871
936
863
101
812
672
650
341
249
442
863
693
191
670
45
174
90
166
611
106
203
458
584
506
302
415
951
900
886
941
72
109
229
287
210
41
960
213
735
209
655
598
254
199
620
651
373
62
818
337
169
21
147
105
879
449
520
182
701
758
124
125
868
353
413
78
747
373
643
834
934
299
784
541
498
404
192
223
467
10
560
988
31
59
93
262
509
966
445
562
724
921
688
944
626
101
23
373
826
666
559
112
317
343
653
167
100
846
391
567
856
303
907
240
363
352
502
224
670
299
786
747
220
474
691
847
927
714
572
105
733
132
218
402
827
871
570
927
69
313
846
278
968
105
518
683
458
372
259
480
672
46
227
244
872
919
443
152
633
16
257
718
500
827
473
679
51
43
959
120
708
157
398
28
263
268
64
73
993
323
553
17
721
781
261
594
700
705
98
685
73
355
756
573
535
229
604
586
624
563
706
332
721
457
712
984
77
776
57
70
100
962
87
821
743
349
767
795
406
865
481
479
573
237
404
108
466
8
694
442
572
752
774
293
561
838
629
639
615
38
709
67
0
797
888
96
146
8
891
904
873
372
383
798
961
139
906
779
147
952
221
71
57
347
716
618
186
697
257
153
735
967
220
88
764
460
184
262
468
75
166
694
800
901
844
113
40
103
893
539
55
466
963
112
814
31
731
352
729
988
857
464
307
77
904
71
889
88
685
710
516
851
756
668
104
600
781
496
703
26
388
111
845
351
223
659
382
306
363
463
647
220
928
954
649
184
378
538
273
63
248
141
915
4
809
371
605
942
868
660
321
256
771
166
607
347
177
341
653
540
805
300
112
85
607
761
269
985
651
894
48
252
35
315
256
196
687
213
139
555
874
460
811
997
978
770
344
155
463
350
47
620
2
511
705
609
272
327
594
275
573
643
527
609
310
784
805
997
349
296
552
575
108
715
573
86
837
269
593
301
619
640
921
622
151
979
231
775
658
178
51
231
173
930
192
483
66
350
481
416
646
385
343
755
101
268
193
290
538
787
591
509
779
865
483
283
196
67
58
206
245
461
789
770
392
982
253
458
332
86
226
330
472
570
85
925
838
631
215
728
770
159
590
549
376
73
832
924
140
243
130
737
704
919
507
448
253
113
259
585
199
485
916
23
407
353
300
598
336
868
326
106
379
268
656
755
342
488
31
834
731
161
572
788
432
79
236
686
192
495
623
744
333
539
119
740
245
420
338
581
640
17
688
19
285
344
126
979
184
157
814
268
670
386
408
454
817
996
140
362
844
764
458
177
655
577
917
900
349
608
834
989
977
522
8
262
218
486
594
754
995
408
374
665
146
782
120
315
779
612
677
623
728
135
152
736
65
421
988
414
29
822
404
6
344
764
621
914
251
215
669
246
975
395
264
121
178
736
436
309
348
466
284
429
953
436
165
18
857
153
433
239
976
189
245
672
953
218
939
556
433
960
155
408
355
771
881
885
507
670
194
855
136
830
636
441
266
801
460
476
955
245
715
283
786
312
307
91
531
246
648
964
206
155
725
914
926
606
799
433
276
346
640
764
176
277
206
443
430
18
271
385
615
986
20
401
650
328
492
181
574
492
498
133
647
223
47
925
181
846
358
810
192
351
574
721
980
132
164
410
150
787
148
765
125
168
166
775
848
11
309
775
503
807
908
151
382
307
428
915
505
139
725
50
490
300
771
822
432
287
232
935
74
732
700
199
253
219
326
101
230
