1
635
876
733
442
136
236
176
795
665
92
301
804
817
351
646
469
474
468
254
761
52
189
835
785
889
386
38
108
712
491
690
700
720
776
494
208
12
671
4
29
115
657
185
932
360
831
754
834
651
8
947
704
197
134
841
438
520
231
899
584
722
589
284
794
365
779
3
730
802
359
759
917
16
945
201
376
776
955
562
428
963
509
484
160
643
325
599
515
556
498
99
630
439
736
425
805
515
428
535
669
787
646
586
155
591
787
883
720
95
445
500
58
306
984
571
949
661
522
464
217
372
915
199
811
651
624
968
518
52
855
187
191
502
125
698
445
913
581
517
8
378
17
418
684
353
341
985
366
863
449
935
587
365
135
751
368
759
71
887
164
927
426
707
781
552
406
578
817
339
96
177
718
465
947
402
819
289
740
185
504
189
121
92
906
608
195
627
367
266
866
531
545
292
591
678
196
997
257
365
336
705
894
406
170
842
161
341
131
901
879
987
90
352
431
349
960
626
976
327
893
194
211
790
838
802
469
35
151
726
752
487
431
647
894
953
489
55
295
972
956
174
959
398
526
743
99
486
369
427
165
614
621
728
405
460
530
226
847
33
952
599
521
735
246
767
40
735
174
335
59
482
861
371
880
387
114
980
225
835
759
743
802
381
823
207
841
706
785
688
739
89
287
260
176
886
379
216
973
553
552
33
35
413
404
268
153
870
600
730
705
359
825
507
740
649
66
933
355
203
621
94
292
261
707
468
147
86
685
120
992
589
505
379
354
261
647
507
131
247
590
189
959
767
48
699
768
467
633
475
670
606
570
963
867
629
431
366
67
468
487
59
57
992
439
412
254
438
271
737
38
861
278
997
981
327
696
749
146
681
225
816
640
147
131
507
128
563
226
195
383
713
607
441
57
398
853
663
836
124
401
226
338
31
223
319
358
272
420
856
953
997
673
593
496
804
453
624
719
679
172
103
744
779
544
153
529
749
817
717
873
570
944
211
601
167
882
312
439
303
168
745
652
193
690
149
350
495
773
69
174
297
524
270
76
420
424
957
169
241
675
395
163
619
606
116
138
489
428
578
144
949
675
796
142
365
945
492
861
71
914
387
720
790
10
149
563
434
106
732
27
781
479
542
752
86
658
891
927
87
821
71
36
496
219
530
213
517
23
426
940
289
814
660
431
176
809
994
610
916
79
989
49
558
531
802
644
189
45
923
628
866
994
16
362
214
547
927
83
922
354
23
563
520
683
994
696
493
989
658
761
68
647
810
626
530
964
623
719
9
546
700
875
893
716
589
107
615
517
542
537
871
565
100
743
248
95
439
93
436
97
206
504
96
369
482
978
333
105
697
343
4
749
570
897
466
160
356
81
29
898
971
252
463
423
995
63
870
786
509
306
235
715
162
683
84
645
661
770
102
710
465
106
460
35
355
278
547
711
359
928
961
682
180
424
106
527
840
976
313
349
283
900
416
445
583
853
442
596
623
897
307
88
355
767
123
711
397
23
774
756
951
736
791
484
512
897
11
352
873
677
53
508
929
470
954
513
675
748
109
298
645
768
738
1
887
213
712
284
236
838
393
540
574
184
24
87
81
35
791
954
64
845
463
994
667
769
507
694
869
968
992
515
89
82
516
976
295
580
613
532
418
6
72
345
190
96
784
623
483
575
929
548
772
744
542
791
865
401
485
735
721
829
250
162
911
118
139
207
50
104
91
820
110
515
165
652
963
301
627
798
877
556
346
1
653
240
145
518
993
630
253
67
812
855
229
75
325
720
634
375
824
725
548
286
592
65
290
555
367
917
354
596
474
52
597
479
293
742
997
638
725
603
705
537
458
287
964
136
7
599
511
184
324
411
470
917
477
761
824
844
678
530
440
504
583
389
983
228
132
333
866
209
936
924
98
746
211
62
882
570
661
746
754
986
157
577
255
986
690
431
830
720
962
622
225
545
12
560
125
496
245
991
57
181
267
155
280
830
217
162
401
879
908
507
217
418
436
824
404
126
255
587
847
217
209
424
114
573
336
239
421
582
583
478
115
202
633
395
33
851
910
786
82
818
645
299
588
82
123
993
560
730
580
759
300
141
183
414
67
872
6
840
806
941
319
921
143
304
669
176
507
579
314
589
749
960
240
338
394
363
683
954
446
615
714
746
756
249
160
175
121
518
16
927
459
687
201
603
343
870
131
203
449
446
792
198
406
33
888
800
748
571
106
194
186
820
292
295
70
805
470
543
323
838
823
783
877
24
738
573
246
869
776
47
315
568
597
73
953
486
