1
225
54
409
332
600
596
504
893
243
926
698
713
470
373
904
293
508
133
669
246
706
267
468
482
666
783
403
263
209
708
101
786
114
863
118
715
459
975
960
702
901
10
767
371
383
23
16
892
157
37
490
863
656
958
698
322
94
453
938
655
161
391
441
276
254
560
343
65
887
655
767
788
665
887
160
400
262
528
644
419
918
487
635
574
445
685
897
891
138
187
546
299
578
988
927
833
900
622
898
787
277
18
575
294
257
87
695
519
616
691
291
534
178
926
460
624
611
357
867
101
896
414
400
475
402
680
660
302
302
910
89
932
280
16
226
537
104
273
409
72
965
700
606
143
626
66
119
589
776
987
690
24
753
442
499
155
122
511
809
777
774
250
709
54
266
287
944
370
561
353
442
878
53
400
373
679
819
845
620
947
184
662
971
937
104
823
92
579
334
901
708
108
151
769
515
769
56
459
140
969
812
934
847
865
335
221
896
506
66
868
453
250
530
424
187
634
247
631
565
934
884
273
394
387
42
909
156
451
720
648
420
532
583
268
749
270
489
997
776
907
217
229
157
747
5
344
734
605
327
299
539
211
925
933
598
967
195
754
770
915
755
191
800
338
459
901
960
300
251
736
207
468
317
364
568
322
60
302
927
387
953
818
950
878
104
548
198
299
654
968
566
409
511
718
99
970
972
59
622
575
147
829
43
816
545
963
139
957
265
418
696
571
589
646
801
693
546
351
344
201
320
262
962
183
333
414
506
305
473
128
880
973
310
275
789
855
239
280
813
856
51
861
779
640
508
581
685
54
932
29
607
604
643
922
788
976
336
294
633
161
774
865
486
84
493
276
292
732
908
105
940
959
318
72
951
826
653
636
233
937
17
192
894
661
114
34
989
802
680
623
316
454
840
802
891
333
430
183
417
339
640
710
298
958
782
250
137
787
238
370
76
256
562
970
917
677
356
258
831
388
233
147
195
74
950
86
407
732
269
825
71
261
887
722
219
669
972
356
456
210
726
532
818
641
855
87
670
563
346
501
952
579
1
147
653
303
585
413
35
854
238
107
115
125
829
686
146
153
43
602
715
121
486
534
114
693
621
784
257
967
638
561
547
639
60
552
942
645
965
977
499
555
436
966
32
265
4
178
770
47
132
486
521
971
20
635
664
993
772
273
961
410
186
860
49
246
412
343
891
730
320
742
285
109
708
318
726
713
848
497
112
981
335
985
952
707
973
968
700
745
594
13
507
780
225
556
27
990
251
918
720
923
661
5
32
721
675
759
786
524
608
251
857
943
588
161
650
913
129
702
658
75
716
517
856
293
425
883
283
676
153
3
600
166
9
632
240
36
743
378
560
351
981
417
646
570
578
648
483
60
351
494
135
419
11
343
712
437
578
996
465
732
999
65
250
360
50
842
397
793
221
309
497
202
79
143
124
9
792
960
421
495
454
909
914
817
252
978
606
831
974
72
915
326
137
165
38
187
8
787
333
581
97
830
135
528
325
260
889
117
220
311
612
26
572
878
843
824
857
450
655
183
874
570
861
363
88
900
551
448
687
236
29
136
66
516
16
743
776
906
861
348
569
825
374
141
56
570
965
265
372
973
448
246
543
310
609
631
562
512
431
249
748
812
386
166
329
754
910
457
660
123
806
581
300
532
74
356
102
392
621
826
365
422
72
260
84
34
244
646
546
675
895
647
488
633
165
817
740
427
274
752
902
432
334
203
965
408
911
419
152
885
246
517
307
670
778
391
704
22
389
603
49
636
602
537
622
119
706
362
547
981
114
801
413
448
4
730
209
268
150
361
153
748
231
460
418
361
203
475
383
592
78
432
580
32
322
202
151
28
564
50
9
31
852
775
831
208
505
392
476
7
754
981
755
337
441
174
698
996
649
433
940
79
217
521
111
539
75
614
568
640
665
929
23
869
56
854
77
914
247
906
921
353
887
677
690
681
203
740
29
204
173
970
283
390
843
746
930
918
360
850
910
377
131
933
246
188
788
676
454
35
582
375
740
821
404
430
854
607
170
884
811
343
854
446
85
697
544
15
967
905
217
878
282
349
163
529
889
951
205
343
338
139
70
78
312
475
860
167
434
382
51
598
77
257
44
163
306
589
530
273
846
748
503
480
449
667
9
338
618
566
33
309
57
103
387
370
930
600
537
365
982
940
963
412
197
359
575
503
300
105
776
146
205
280
627
6
947
988
696
917
907
729
226
316
185
966
686
115
918
575
480
900
867
795
312
64
155
239
567
807
697
696
954
902
328
933
261
275
