1
273
957
544
180
687
123
849
224
89
887
691
7
815
524
259
682
319
924
747
826
163
666
634
860
362
940
115
690
225
376
317
498
685
862
31
724
337
880
948
426
767
640
785
582
164
44
265
835
968
364
662
484
30
648
696
745
588
811
787
813
539
105
663
225
319
694
949
656
574
250
434
694
890
219
276
406
615
893
241
936
257
903
420
640
903
468
385
491
632
172
656
171
629
320
748
300
366
50
308
293
300
742
987
542
313
615
948
929
509
541
865
118
445
637
758
700
105
495
544
737
20
552
261
1
224
361
302
591
411
610
884
63
705
871
605
18
486
905
947
347
447
164
818
244
153
928
944
611
424
488
348
796
393
961
797
617
323
451
208
86
414
444
150
119
315
107
137
154
13
437
853
812
953
671
408
107
600
352
718
376
193
418
524
586
380
673
203
55
125
764
141
891
208
643
10
876
751
499
382
116
288
235
280
242
259
688
349
859
392
419
587
937
837
111
523
569
784
79
624
909
195
118
152
403
761
162
279
864
14
661
332
302
249
612
896
508
652
245
719
45
664
306
982
854
417
858
423
201
937
48
463
484
166
615
887
279
130
519
144
144
532
828
798
133
441
695
641
93
292
360
138
309
18
473
163
435
331
586
637
620
634
452
104
152
67
991
432
197
862
928
693
747
756
844
880
549
891
874
643
183
234
133
492
605
606
655
40
289
242
29
909
228
481
13
733
901
357
165
450
571
445
144
318
553
340
199
103
231
73
98
766
659
231
259
264
190
266
657
479
860
686
741
89
520
754
174
421
463
691
223
35
136
719
705
689
59
904
792
642
329
242
409
341
474
668
957
16
934
614
847
147
653
588
236
173
695
410
946
510
101
521
545
589
241
603
630
300
507
775
943
189
17
352
530
491
372
487
859
658
454
59
805
107
647
393
632
694
155
930
205
608
451
102
197
692
705
828
345
565
603
640
754
620
992
636
464
716
475
675
374
929
734
180
388
382
573
372
428
729
654
633
337
458
88
887
502
793
715
847
358
670
487
464
642
831
452
106
547
928
134
274
209
868
454
950
602
379
674
31
460
329
16
798
787
104
37
289
250
104
489
608
774
328
425
768
160
877
227
59
157
361
333
719
229
139
669
832
519
695
215
979
24
231
129
163
688
166
453
938
270
294
898
396
622
323
165
782
553
392
194
710
105
527
781
334
667
802
518
538
498
85
517
522
317
999
38
5
165
843
943
788
137
841
536
759
517
53
894
70
797
88
132
902
967
266
589
986
68
459
876
566
545
394
441
214
745
479
219
262
322
514
50
811
707
939
570
576
992
816
998
790
256
131
44
224
397
633
562
817
93
439
384
990
185
177
204
930
8
775
192
330
289
595
141
348
534
63
925
878
880
923
20
136
406
65
712
155
698
275
325
143
66
709
133
251
238
337
533
246
112
725
928
753
672
421
454
558
484
379
437
716
654
809
205
413
874
917
920
573
544
245
68
610
306
202
213
544
891
746
142
356
824
70
461
496
491
915
407
328
646
196
396
653
5
601
66
880
519
338
805
415
584
873
26
242
427
591
787
671
338
281
379
162
704
840
10
547
756
417
875
402
613
624
55
971
225
473
851
96
812
8
512
396
881
890
638
661
481
777
684
819
411
63
333
115
903
344
662
659
113
538
414
79
162
469
50
739
943
901
836
107
909
700
855
142
590
845
155
423
975
839
595
386
254
280
501
158
624
163
169
90
53
583
169
567
53
219
307
348
472
495
807
733
195
662
227
137
507
735
912
482
574
859
868
181
140
721
339
116
885
508
206
290
444
727
858
849
298
517
197
770
12
356
855
559
18
435
48
525
170
960
360
744
820
580
925
960
302
616
428
539
477
635
829
921
362
39
770
661
556
319
783
920
675
991
479
45
426
527
922
596
840
282
692
12
215
970
972
517
938
752
408
415
387
237
336
102
277
458
115
185
129
250
106
804
241
585
849
19
465
772
615
305
406
660
317
621
630
641
490
568
393
898
336
133
488
24
587
117
483
702
302
612
304
408
769
898
994
970
917
811
94
885
116
853
897
785
826
527
426
317
447
171
567
135
656
55
160
243
172
995
297
475
959
954
883
728
852
229
51
121
40
497
358
508
350
255
293
177
134
71
846
934
595
413
69
251
469
229
847
993
224
496
468
184
450
704
264
302
285
315
776
326
165
134
186
515
390
832
44
524
903
890
458
850
304
528
102
125
109
301
118
334
797
939
870
248
995
134
902
280
802
678
958
967
813
145
834
555
977
