1
879
79
232
121
890
83
425
770
537
902
879
838
21
565
987
312
435
235
307
922
490
939
76
520
898
395
333
395
229
240
724
460
320
956
582
562
391
359
332
928
262
211
118
635
777
106
947
564
693
606
486
535
545
914
56
443
309
741
190
891
982
914
703
302
871
285
216
614
997
548
543
259
111
13
894
888
471
841
805
165
799
643
700
344
558
108
140
219
850
330
110
832
245
814
486
468
451
702
434
448
250
977
59
361
991
953
602
814
146
407
979
945
50
32
642
960
140
782
180
990
112
642
822
709
456
308
529
260
10
964
60
612
293
120
326
636
425
928
451
572
687
782
869
89
166
511
50
307
645
582
649
110
224
472
171
33
132
701
645
495
17
705
107
662
177
785
651
603
713
454
527
752
236
748
842
403
260
244
62
905
826
711
15
402
535
539
435
668
592
80
515
609
138
974
623
315
760
274
918
825
728
797
578
317
546
420
720
158
16
134
415
194
845
783
596
381
322
32
401
914
464
916
875
602
890
498
270
2
125
540
828
205
338
406
522
236
178
594
394
194
728
809
388
926
592
336
307
914
720
60
828
185
328
703
139
570
554
409
573
679
302
401
236
640
159
759
876
337
705
270
883
786
431
623
64
24
959
723
938
680
783
119
865
111
822
356
681
376
118
606
407
420
7
644
412
166
755
288
855
812
910
738
950
341
361
14
365
321
737
656
1
520
775
218
983
949
926
17
678
44
623
437
816
983
81
228
501
188
516
357
1
778
95
951
120
809
318
837
130
55
845
483
928
972
53
911
274
979
928
952
376
904
741
192
887
823
421
740
363
289
97
364
68
545
668
540
354
338
729
484
393
575
319
321
899
372
585
173
703
865
477
79
769
219
624
8
394
45
749
757
334
198
474
402
743
494
294
449
832
24
285
225
951
604
899
850
328
484
376
32
349
205
463
471
424
87
479
170
132
580
928
819
131
402
573
874
248
868
676
80
244
961
657
195
566
556
397
894
40
773
278
742
979
742
213
755
181
44
926
314
625
206
485
108
608
58
334
208
926
10
288
522
972
945
717
890
502
115
784
894
240
415
636
571
509
849
327
690
894
605
356
871
811
841
331
771
900
665
979
178
676
619
701
648
564
770
538
418
885
674
313
478
441
949
49
950
151
728
641
397
685
997
620
848
839
951
619
91
616
950
269
292
569
322
292
134
93
182
904
330
209
217
160
650
519
562
601
22
642
242
419
328
591
391
176
782
342
148
873
310
98
495
603
20
169
247
154
262
782
410
945
991
628
105
641
499
667
594
521
662
188
292
990
780
683
518
562
25
18
788
335
117
283
290
489
452
890
643
67
672
405
364
663
33
469
656
532
489
251
405
151
439
697
493
219
380
363
134
757
382
274
445
851
909
735
340
713
977
335
780
649
740
144
312
774
966
321
658
807
572
416
958
11
113
803
583
846
166
69
603
900
343
48
751
252
136
91
965
113
778
98
115
519
594
779
645
560
100
655
367
672
71
677
36
537
832
619
383
351
688
338
251
383
739
3
635
227
446
600
340
225
50
807
96
645
587
741
205
687
396
925
712
820
954
748
357
787
367
740
138
407
78
741
790
817
96
425
44
543
377
737
120
428
896
216
73
483
309
630
171
705
907
235
525
862
983
882
1
702
974
491
109
405
232
251
222
329
28
619
224
405
708
344
185
604
912
610
440
221
593
963
278
500
198
804
714
181
38
715
883
365
206
992
770
791
595
344
120
623
315
344
380
23
40
566
980
952
528
420
525
473
383
803
974
581
959
40
114
350
756
997
715
314
341
485
105
936
829
577
559
145
273
939
520
313
857
852
617
738
624
494
211
7
298
537
940
609
578
54
959
334
403
26
0
744
511
106
32
693
35
591
190
309
883
62
622
92
267
592
830
891
86
394
899
736
931
191
346
509
246
305
195
649
684
548
746
547
654
778
240
689
722
782
998
957
197
973
49
464
565
232
355
3
626
606
740
909
798
86
419
396
743
966
397
427
514
143
975
520
274
567
562
996
702
912
305
899
885
706
715
802
938
70
158
916
29
898
178
827
984
597
575
79
915
972
859
782
468
834
302
742
753
216
90
807
129
395
706
366
101
773
521
392
196
679
660
225
929
838
404
265
787
979
344
55
951
203
837
419
389
491
513
495
708
603
302
189
350
361
907
804
134
428
548
330
459
208
907
388
399
311
653
538
290
998
593
594
553
782
365
295
274
879
790
334
834
92
523
185
805
430
989
940
211
889
622
670
97
530
59
