1
848
193
64
387
484
414
332
430
968
115
795
615
389
26
405
723
861
849
598
398
7
28
739
947
239
628
921
262
77
451
673
926
645
737
665
481
152
349
263
472
464
58
87
205
437
844
280
650
45
878
48
52
259
139
351
850
767
273
112
844
76
785
122
73
875
139
906
27
489
169
851
305
580
938
511
17
134
143
19
531
374
67
584
633
206
287
835
325
912
300
169
989
437
644
414
312
135
321
691
624
490
542
930
70
832
793
439
966
288
458
850
662
877
434
647
435
73
835
760
986
135
282
975
572
278
389
237
413
62
928
38
553
823
320
975
655
465
767
974
105
577
824
768
455
610
767
242
683
602
3
669
737
637
996
662
915
738
251
328
800
531
718
705
706
390
33
714
855
800
688
313
729
864
81
184
826
848
427
861
803
782
883
892
419
879
906
686
617
157
366
770
689
85
827
395
475
860
109
683
12
149
996
742
365
429
278
543
629
57
405
432
191
288
677
962
519
583
648
489
741
15
259
782
452
438
529
279
651
991
962
663
492
310
757
210
91
388
753
721
797
510
505
989
798
182
951
670
766
600
159
859
967
418
993
419
208
874
698
859
865
13
875
710
675
984
920
767
372
25
840
170
536
697
511
686
232
462
356
350
414
515
209
381
285
554
152
494
428
851
353
294
216
580
356
891
565
276
10
937
301
850
459
189
900
970
876
132
785
584
482
551
100
43
285
737
597
437
583
25
640
937
671
856
869
27
748
434
655
110
372
309
961
183
498
861
506
726
345
643
311
827
194
763
222
479
500
819
269
84
196
909
373
868
118
242
247
218
29
903
328
401
212
641
936
710
854
442
789
199
85
100
378
632
215
600
463
67
771
732
503
968
994
228
188
112
823
435
330
852
690
10
605
902
652
541
965
506
336
754
706
773
206
436
405
773
37
869
840
160
953
696
128
947
924
668
411
747
456
93
599
146
104
204
49
756
98
366
614
434
472
320
207
30
109
613
803
146
834
995
658
787
691
787
87
616
807
498
715
263
944
315
410
48
871
811
156
969
529
770
403
1
443
611
31
552
576
186
50
410
181
708
549
225
847
636
841
655
487
556
270
431
223
32
831
95
195
987
416
724
109
820
725
904
783
108
456
359
294
858
769
828
919
318
53
766
307
246
773
794
154
396
577
378
428
408
825
624
747
241
348
856
61
426
761
196
534
569
555
181
428
676
361
347
347
766
465
654
12
239
800
166
635
377
544
415
785
369
39
532
963
740
740
376
166
501
573
52
71
128
585
851
805
298
198
152
64
663
158
76
254
958
243
241
687
139
657
824
861
48
356
824
140
448
552
306
950
125
711
373
254
648
224
411
947
774
915
11
789
73
440
396
383
35
989
422
174
646
246
387
47
954
563
187
402
116
846
704
241
909
77
847
557
653
610
856
779
525
220
921
950
660
317
685
695
306
107
221
305
353
961
704
659
524
891
62
992
89
766
586
350
196
433
260
201
44
116
981
921
336
902
872
348
571
557
395
877
17
617
534
370
930
238
30
454
482
444
799
571
562
385
274
758
170
534
960
566
650
293
488
339
547
360
39
118
269
435
995
286
404
882
9
334
120
391
140
602
835
939
526
397
676
800
508
847
334
820
765
336
113
253
27
660
965
419
778
235
854
125
873
610
7
882
296
480
273
436
82
108
728
960
858
756
112
366
955
446
186
721
135
651
974
514
311
940
285
441
527
139
918
400
101
278
283
397
758
908
186
192
369
914
505
227
22
617
593
978
416
131
699
551
782
673
417
445
965
703
238
492
194
156
245
648
786
880
45
896
788
231
441
157
497
946
736
520
563
681
498
979
812
197
530
946
222
300
391
540
355
981
384
901
490
629
549
276
509
595
525
650
178
966
159
676
912
896
548
475
929
46
455
94
595
337
40
169
637
784
709
344
765
94
246
255
75
795
884
585
742
409
587
921
375
98
597
287
346
145
114
276
543
569
370
490
907
410
659
896
546
721
241
312
815
839
919
890
634
803
827
377
564
766
650
291
865
247
930
211
744
45
487
639
614
857
129
873
620
140
770
166
861
363
830
28
554
750
271
540
905
98
917
822
217
567
113
82
166
44
293
262
441
133
253
407
342
734
281
962
875
403
481
88
118
311
117
672
413
388
212
319
838
482
493
55
401
606
489
920
2
783
182
795
268
436
203
610
522
484
925
397
239
406
838
357
69
307
381
483
47
945
154
885
427
647
293
181
605
782
101
960
917
283
755
185
71
958
148
594
794
73
343
385
