1
831
181
94
900
840
475
735
887
421
241
773
200
240
418
381
846
200
482
158
118
118
913
655
189
224
803
135
370
228
831
756
411
364
850
664
205
678
399
92
99
641
217
651
233
635
33
79
188
867
589
658
985
503
313
527
79
469
14
801
49
845
557
461
210
760
125
415
438
876
859
889
869
77
540
103
64
925
534
252
793
124
910
130
627
576
657
58
397
672
859
446
517
769
907
79
529
384
846
319
261
706
208
130
135
100
233
199
26
120
804
171
244
66
301
223
642
959
281
39
983
492
838
500
261
97
932
142
482
778
461
95
836
669
225
323
122
811
875
148
931
679
319
175
97
972
750
740
931
31
131
914
523
969
767
137
67
51
279
901
181
741
996
18
762
573
693
236
736
568
384
667
599
55
194
697
28
944
789
311
327
920
578
203
242
697
692
661
748
971
562
929
64
910
299
179
483
993
415
220
561
152
239
513
559
786
210
939
82
351
603
410
271
181
965
865
878
657
526
978
980
440
907
397
702
207
576
186
552
343
758
465
847
349
978
407
135
540
698
570
891
301
980
515
834
297
380
64
306
259
42
286
51
302
35
754
861
963
292
413
307
402
878
506
751
209
265
239
749
964
809
993
617
141
508
804
438
240
868
96
851
263
734
903
565
770
9
426
733
301
191
392
703
421
899
806
630
164
45
380
480
854
725
450
995
585
254
785
825
122
881
29
737
616
284
302
386
293
80
471
946
623
864
649
45
115
455
675
279
853
407
112
707
132
562
55
717
816
840
895
290
74
276
380
42
560
682
780
853
115
251
799
90
467
800
135
582
607
163
214
460
570
326
520
55
240
575
124
408
767
371
50
193
647
430
235
207
465
367
412
580
619
211
670
438
363
158
21
971
321
587
431
891
913
303
298
505
230
423
913
350
146
963
543
794
394
131
353
211
498
766
791
469
977
813
908
341
971
281
664
644
868
447
888
133
751
186
638
981
961
903
331
108
218
227
902
964
710
255
175
208
373
318
30
351
132
290
44
455
571
708
452
791
155
340
924
258
526
914
240
840
169
923
948
387
150
202
352
860
809
527
421
183
846
803
886
330
93
282
137
16
990
589
807
497
929
83
756
808
349
348
0
518
623
948
905
774
502
609
986
663
137
759
846
335
914
84
17
7
366
154
23
708
96
182
206
377
617
314
185
966
14
185
484
637
485
742
763
339
351
102
3
840
861
849
527
776
286
544
135
652
51
511
361
147
45
919
524
663
233
62
981
599
599
818
236
85
560
0
776
263
102
779
104
315
981
631
443
267
528
931
919
579
442
632
726
487
551
602
502
136
664
484
735
264
302
972
701
214
324
829
477
778
609
581
93
590
565
889
209
93
820
128
672
262
761
750
101
664
352
956
801
369
440
536
985
94
860
38
308
536
867
785
314
476
719
760
418
284
649
627
377
469
108
401
83
221
151
536
885
855
492
686
224
284
575
561
378
435
599
686
324
467
824
638
943
543
398
362
827
47
341
556
868
449
309
303
670
812
840
908
667
684
594
244
969
521
805
347
309
405
386
633
872
210
271
167
105
670
881
932
69
575
840
290
24
501
593
47
313
785
955
332
470
901
576
439
423
734
138
84
491
524
717
715
86
988
882
191
10
116
475
432
691
667
74
67
168
19
466
481
805
773
814
627
27
742
66
802
476
556
886
967
81
603
682
519
943
917
711
306
385
186
90
428
854
164
495
22
183
314
504
340
87
670
967
466
412
385
268
889
942
154
208
375
109
243
894
405
512
605
63
897
144
153
325
998
669
172
372
204
486
228
545
926
898
864
392
663
250
661
552
192
167
112
919
629
355
813
34
219
419
97
116
915
602
793
913
271
318
637
827
156
866
372
82
116
589
827
779
839
840
683
383
359
796
654
988
503
467
22
723
238
119
191
153
721
985
418
344
655
56
172
811
922
896
246
38
485
73
170
676
265
853
411
624
649
65
613
505
533
635
228
771
107
419
277
180
756
695
525
411
751
697
575
25
945
821
64
431
246
586
459
511
439
871
487
441
936
100
946
821
88
174
945
195
945
222
375
54
917
252
817
669
301
392
694
247
565
110
30
811
696
489
674
488
360
162
929
649
262
875
470
350
49
767
897
346
989
273
400
907
877
218
928
179
962
974
426
528
437
456
691
485
297
366
973
658
528
902
659
142
777
481
845
178
249
742
525
238
367
925
497
245
495
777
424
458
752
202
338
189
10
29
674
307
395
0
317
275
902
976
770
680
810
615
858
59
709
383
297
