1
429
661
147
674
156
924
450
966
28
4
304
569
14
334
596
673
81
596
991
357
498
319
479
178
129
446
389
188
155
772
838
584
785
985
610
294
261
412
260
290
768
917
859
134
603
455
808
684
51
151
393
550
470
872
80
952
318
469
492
826
594
682
762
379
19
725
673
281
489
286
923
258
203
782
392
806
590
200
842
641
703
236
543
526
460
624
478
131
445
322
957
39
5
71
419
376
148
444
657
638
730
580
896
285
715
640
91
305
193
286
298
896
522
842
422
982
818
900
465
263
575
774
303
580
846
74
956
994
518
966
984
249
898
880
534
965
873
978
622
66
264
921
962
138
115
385
472
933
637
938
548
212
712
203
144
910
277
453
257
796
771
241
45
669
474
931
987
347
261
609
413
877
882
375
15
997
112
840
282
750
130
831
962
842
34
107
105
312
912
362
460
683
603
857
704
77
140
691
776
402
301
189
279
183
917
647
533
29
839
815
779
969
998
94
163
33
553
268
697
465
982
509
500
586
366
204
15
506
896
792
260
549
981
892
84
250
891
617
280
730
785
411
51
783
857
214
168
410
835
217
227
817
726
727
403
444
932
771
951
180
563
563
729
896
455
165
147
346
783
427
428
568
190
479
351
48
46
872
810
881
89
390
50
816
469
806
612
753
577
915
933
140
479
14
36
934
180
183
633
315
962
61
883
153
893
586
553
939
458
715
820
548
105
870
716
575
28
328
328
605
244
614
745
75
628
134
9
160
669
994
475
632
408
358
137
301
297
42
240
755
757
412
655
215
634
723
790
663
404
470
268
0
436
366
75
65
852
436
577
521
783
53
505
191
763
994
492
60
36
732
168
146
144
175
361
130
251
503
793
655
325
62
7
762
780
434
179
632
870
756
153
5
809
659
196
573
653
688
633
42
772
153
188
268
329
549
399
580
404
192
587
729
606
594
491
386
28
670
18
250
427
524
608
588
535
804
161
540
845
147
582
969
300
122
238
981
23
989
561
427
181
500
157
140
94
0
878
474
23
249
77
802
773
685
390
660
489
904
200
686
51
783
656
703
257
246
685
281
235
598
708
768
99
217
908
545
218
787
372
593
388
449
395
161
134
785
173
975
689
373
14
92
508
670
148
766
916
185
47
151
783
107
919
234
325
180
132
895
319
504
488
707
305
883
220
439
20
393
766
62
118
780
506
627
802
654
393
70
839
792
221
975
899
493
561
224
25
693
471
696
549
959
403
854
194
975
645
567
720
764
981
838
896
487
817
699
494
210
769
685
354
343
660
254
188
574
830
213
619
302
909
169
613
664
375
160
991
21
727
711
137
708
901
33
547
719
732
41
281
854
727
636
197
739
890
737
313
72
950
933
374
211
454
340
227
181
500
218
554
227
929
691
287
830
725
834
549
809
228
183
15
955
819
564
694
61
301
360
133
603
645
860
814
451
200
41
632
52
259
187
631
540
878
918
371
955
104
272
765
332
455
780
287
626
697
334
687
998
46
173
602
691
385
416
142
937
810
774
989
421
961
620
962
192
890
685
147
994
309
264
679
117
397
318
743
94
652
783
92
698
956
46
741
693
815
883
630
625
10
619
46
323
591
360
515
833
45
15
827
355
279
858
472
28
177
567
122
829
350
567
880
658
613
621
351
428
857
981
405
867
952
452
542
895
812
58
728
210
73
908
565
704
766
389
733
943
956
207
125
307
774
357
965
740
330
317
168
187
650
574
406
603
378
949
850
542
359
579
752
784
839
317
488
605
58
573
901
15
781
378
322
555
735
639
647
417
956
816
957
959
742
715
914
472
664
764
14
375
695
767
159
534
436
0
492
495
573
393
510
354
123
184
262
210
823
909
627
132
77
936
91
171
652
357
643
668
121
10
44
817
777
203
703
565
203
195
412
129
940
274
483
63
458
97
625
634
359
253
766
436
189
209
608
841
566
603
510
39
613
906
208
742
461
912
308
17
459
72
146
400
347
981
815
157
79
441
791
790
46
909
226
587
470
186
781
36
142
643
428
755
549
636
850
10
900
510
27
360
582
525
112
929
507
279
439
938
720
230
728
118
492
306
706
962
845
487
351
987
482
779
742
31
415
592
393
668
454
773
28
37
298
492
318
157
771
757
447
492
340
175
962
832
834
668
794
679
507
145
666
989
924
760
372
692
705
766
360
159
891
740
548
189
232
867
699
3
624
146
847
964
674
810
796
508
830
943
539
690
88
205
679
365
317
404
409
374
522
121
886
413
213
434
954
445
301
653
800
278
152
0
