1
594
826
162
743
686
344
686
225
34
126
782
66
843
99
470
252
826
992
725
712
405
938
498
711
735
152
365
536
430
517
888
376
695
50
119
381
746
157
606
781
284
388
847
479
839
669
732
665
13
809
729
770
748
580
481
483
732
846
371
514
715
259
890
410
661
362
143
408
519
749
541
155
489
740
635
329
761
719
346
774
528
428
544
276
8
25
112
740
224
483
254
291
95
496
54
756
858
197
516
730
947
409
237
436
149
872
117
910
943
464
684
472
892
580
100
900
958
212
992
182
696
598
473
791
94
527
899
305
77
768
387
24
177
624
812
327
497
282
589
792
746
626
264
990
206
365
890
516
929
234
698
625
832
524
768
278
403
668
583
480
788
322
856
965
947
21
292
796
303
234
588
401
860
205
391
418
570
633
935
499
867
985
477
699
861
597
977
265
265
913
97
53
235
306
371
534
679
15
330
982
249
271
383
461
476
774
232
398
759
519
249
626
504
726
325
718
324
654
335
941
567
432
347
155
90
718
689
769
733
372
751
335
643
486
796
119
612
380
517
371
899
766
349
756
845
674
474
521
681
809
462
248
593
161
755
684
879
445
453
965
817
557
652
812
395
448
931
360
181
800
731
80
918
81
836
763
107
662
636
788
471
99
389
417
612
144
101
844
941
906
809
110
815
461
922
211
261
205
571
794
5
654
875
276
87
63
391
195
726
28
335
549
127
76
966
91
573
419
935
514
326
96
977
493
909
899
704
523
105
627
317
462
634
192
738
721
608
130
268
686
158
604
235
637
680
554
728
605
973
16
120
651
112
97
145
22
348
201
545
805
181
862
268
815
407
6
536
367
488
805
53
646
761
640
635
793
546
716
399
872
732
871
523
844
320
20
866
668
574
763
474
755
626
742
570
385
100
458
752
941
263
157
587
376
797
575
170
344
291
921
216
23
792
91
219
112
464
438
132
38
201
606
145
179
700
715
916
153
525
668
94
141
825
33
517
975
608
687
319
251
960
887
626
752
978
846
216
442
284
349
480
837
955
625
17
8
692
933
161
218
954
255
359
131
288
228
106
249
268
777
500
228
664
127
981
643
325
197
437
609
898
270
798
854
247
167
862
292
453
375
862
407
630
573
890
270
801
349
519
69
126
20
298
791
147
631
786
472
180
575
433
79
845
583
285
93
751
499
385
204
874
247
963
856
172
853
126
973
202
646
43
681
666
693
824
165
676
610
989
208
537
774
287
383
357
924
828
108
423
565
664
649
164
627
857
336
481
984
309
35
982
704
716
648
749
540
165
425
502
506
634
40
632
273
775
989
198
603
450
973
520
466
975
684
94
832
20
927
168
681
962
150
738
31
150
487
923
315
265
426
173
899
818
805
524
593
147
74
196
949
400
68
415
727
752
509
559
124
788
80
805
751
230
895
134
381
383
57
48
648
483
574
899
301
379
775
246
878
850
794
827
602
862
595
329
614
104
240
90
893
320
896
996
551
143
482
284
526
539
684
526
375
258
777
28
990
905
275
868
107
69
48
709
932
643
38
898
747
278
989
992
599
237
340
502
380
822
786
259
714
470
785
89
81
915
117
71
820
744
939
927
814
987
636
98
630
26
348
730
304
337
74
255
926
767
109
307
941
247
566
655
718
703
744
151
970
214
222
790
958
161
69
124
501
57
574
483
83
923
565
740
260
640
347
187
407
457
846
348
56
764
356
774
467
452
277
438
18
499
580
329
13
2
453
514
59
380
997
495
303
563
587
915
555
286
454
314
95
300
14
152
64
370
278
884
175
556
674
193
55
606
522
68
608
976
934
20
356
284
867
11
199
454
926
754
92
381
420
188
33
434
692
450
157
970
334
332
526
8
525
934
614
48
354
575
376
289
595
84
925
462
95
124
268
373
230
360
754
650
548
140
436
240
590
593
563
924
277
441
284
803
375
250
203
82
825
931
723
420
15
648
234
462
124
502
835
354
863
942
4
763
82
792
356
24
738
919
948
15
360
584
170
88
834
373
170
12
304
245
784
671
893
19
133
17
521
321
723
384
263
727
500
697
871
856
721
609
127
21
625
487
605
795
927
791
521
449
803
177
694
588
849
939
959
334
956
480
655
679
217
270
758
717
967
630
925
688
591
52
61
216
891
666
364
819
810
885
268
613
62
963
553
911
902
512
246
211
345
253
242
562
524
1
631
491
983
556
532
574
960
593
143
851
612
507
670
422
392
291
387
806
606
293
718
508
157
316
71
502
921
314
416
445
667
47
289
2
955
173
928
