1
915
118
71
767
730
930
789
504
322
80
892
129
686
537
199
547
694
867
618
197
788
284
613
586
303
661
875
305
968
400
234
884
518
657
3
249
588
792
753
262
225
997
743
911
534
294
810
229
161
781
778
302
65
391
888
369
404
115
26
373
515
612
609
33
270
964
634
858
756
740
472
333
89
216
245
624
510
407
205
24
188
983
326
254
374
214
975
131
681
1
856
548
966
465
581
236
429
568
446
537
660
918
223
749
486
820
373
997
227
578
21
416
913
699
22
640
265
997
771
946
350
627
494
316
444
427
904
225
347
350
114
7
621
337
757
107
157
482
456
385
413
829
801
326
528
823
966
145
172
89
443
522
716
937
191
512
717
95
737
416
446
852
424
419
189
533
878
699
15
335
84
428
516
237
107
397
412
73
542
584
163
986
458
231
275
649
744
344
97
833
761
895
685
537
314
227
70
192
278
437
879
362
218
396
951
325
793
363
750
335
299
913
673
109
497
949
759
241
293
208
426
406
103
112
943
417
691
365
961
969
803
841
683
21
237
986
698
30
701
448
717
0
714
391
461
211
340
220
804
985
780
230
392
883
694
687
652
737
53
614
706
208
455
741
581
692
727
631
74
780
79
791
132
793
534
594
356
226
166
160
564
947
743
956
830
437
995
483
175
400
97
233
960
904
975
541
596
54
172
22
187
604
165
319
749
700
913
106
278
80
266
842
27
9
150
209
799
146
692
974
898
141
207
859
45
534
752
993
941
277
15
128
881
533
447
630
585
361
736
863
793
355
58
820
716
208
29
515
706
74
841
605
215
49
816
261
935
568
606
876
197
622
356
78
507
804
61
92
517
149
307
310
856
365
482
573
574
511
440
632
585
282
237
153
683
405
766
618
974
372
847
171
346
203
602
853
359
15
297
876
164
605
538
21
970
20
946
896
532
386
529
469
668
118
974
351
524
740
322
850
113
521
373
811
724
327
665
436
342
962
664
507
567
203
880
890
223
826
786
107
212
315
929
233
786
903
936
310
996
610
512
461
131
885
272
208
213
937
644
907
252
308
414
171
863
646
413
87
824
200
546
37
867
475
622
653
731
910
315
727
521
827
188
4
65
460
212
630
750
208
537
354
869
304
525
732
950
291
171
775
491
70
164
710
545
138
716
628
48
31
707
921
211
895
926
276
708
138
258
810
699
795
164
568
99
41
652
402
332
176
529
175
246
45
886
143
183
602
772
583
985
479
505
196
727
431
824
787
921
82
949
620
230
465
540
329
506
545
83
191
721
964
718
319
9
956
462
544
558
586
128
896
418
633
92
145
416
269
284
689
351
233
662
933
698
554
615
556
99
698
99
172
663
818
491
24
774
954
569
685
540
697
581
958
682
25
455
98
294
91
139
998
324
801
283
374
356
898
283
455
597
382
628
612
552
471
636
679
425
205
716
318
902
297
276
936
674
84
34
321
175
174
671
852
327
954
226
683
853
861
491
802
244
119
414
148
942
402
827
368
608
543
38
862
192
666
799
867
750
185
540
278
711
211
130
39
165
708
722
370
570
213
172
814
684
938
314
627
341
142
347
301
37
385
163
582
51
314
801
154
852
341
432
563
552
562
602
69
622
677
440
192
242
964
358
279
903
673
258
244
167
605
897
556
342
412
138
745
727
939
899
579
280
683
494
184
597
97
606
220
126
46
412
720
362
123
999
265
796
257
861
315
214
758
871
556
171
362
302
250
301
553
829
934
237
323
470
186
772
76
406
250
474
171
971
837
294
970
454
90
580
668
757
794
426
628
351
949
990
5
199
644
558
380
930
147
56
752
334
828
829
92
431
655
263
402
844
557
724
651
999
304
319
756
451
97
737
154
47
79
159
246
723
69
979
5
569
35
758
903
863
939
995
646
946
259
400
791
168
125
794
168
781
113
924
584
210
13
738
257
93
897
856
816
967
835
174
888
870
932
791
85
223
138
84
169
749
484
312
918
609
106
438
743
571
362
327
782
728
66
391
821
315
599
989
634
434
163
522
656
447
665
94
670
804
178
192
553
662
504
823
624
611
261
719
182
976
46
316
704
464
708
525
780
659
514
766
94
30
289
102
477
954
548
500
110
726
692
664
741
196
839
365
159
101
84
694
77
482
362
133
947
422
658
79
82
524
197
528
554
486
630
384
793
179
884
903
257
576
919
998
124
759
715
636
212
799
682
289
634
44
774
581
467
432
12
549
308
209
77
863
48
59
247
841
590
483
96
848
411
368
198
535
127
914
523
339
65
205
980
