1
229
443
84
354
160
921
117
905
843
906
824
485
638
254
706
811
206
511
936
389
621
814
779
932
792
919
48
196
312
314
875
541
757
959
248
269
233
717
175
428
623
351
913
613
957
971
776
516
482
713
905
455
879
37
387
672
308
436
220
972
750
95
866
860
54
114
129
639
831
656
68
806
360
981
419
317
953
195
833
787
260
91
243
140
480
630
812
788
66
32
760
169
479
626
29
885
92
510
525
275
167
593
81
527
574
500
196
879
48
30
19
308
473
262
800
953
892
964
741
311
348
853
832
827
832
213
713
924
723
238
552
890
183
633
769
109
486
966
989
886
348
360
546
821
622
347
774
866
311
867
529
660
720
361
839
904
574
904
829
650
494
381
540
677
366
662
787
852
628
128
738
976
488
285
149
462
984
275
328
647
142
210
659
214
923
499
119
498
403
300
500
898
33
40
927
399
54
714
604
682
842
694
10
682
331
159
144
667
786
473
315
280
35
974
495
958
825
966
808
229
618
308
479
3
701
406
754
755
473
358
438
315
405
800
350
88
312
494
756
98
319
71
379
354
397
226
313
223
192
121
804
162
430
283
165
131
41
919
238
514
630
676
182
387
477
532
475
141
378
231
239
698
654
618
404
52
844
69
275
388
191
79
550
973
714
67
456
107
339
694
974
321
723
508
708
552
392
535
693
770
767
932
820
421
903
225
473
747
294
100
136
837
531
38
162
597
458
970
705
797
665
31
470
740
539
178
292
931
713
337
53
832
621
874
606
524
451
431
272
97
532
760
935
63
150
449
13
608
420
718
757
437
101
227
177
640
757
821
923
823
158
976
7
779
850
613
304
653
45
928
751
929
688
38
344
838
487
357
799
259
427
556
696
528
136
225
168
245
46
91
420
556
68
428
688
270
41
344
276
438
624
27
367
664
65
712
502
904
69
653
164
497
562
212
25
698
438
546
295
836
989
716
393
409
144
433
680
537
129
308
328
753
335
695
417
752
759
271
8
181
925
524
30
839
737
407
537
175
953
184
11
295
900
756
704
396
541
736
286
670
44
614
775
731
661
192
483
421
816
844
954
93
368
984
932
105
743
821
280
49
5
644
344
258
752
48
654
646
785
292
316
829
906
444
561
568
988
396
341
804
240
295
897
609
631
829
714
374
2
347
423
8
343
767
618
447
816
624
93
601
917
762
430
823
206
343
743
194
740
84
351
980
731
248
941
362
430
656
737
784
355
160
144
50
280
762
497
96
387
591
49
304
353
831
479
911
175
223
457
267
659
808
599
391
409
541
753
191
549
490
975
904
3
120
954
283
882
803
731
621
394
780
277
99
963
757
362
490
980
820
757
639
980
357
30
389
898
136
580
799
978
908
703
981
380
9
616
614
812
699
236
559
831
513
658
795
270
373
285
602
193
395
594
173
752
976
915
2
112
847
801
91
755
856
424
135
217
393
750
29
92
338
940
276
851
951
71
474
324
708
76
869
103
22
42
207
999
309
561
463
157
362
906
912
570
331
400
787
724
502
169
168
840
109
444
691
60
867
517
736
928
946
605
383
968
648
943
319
957
504
783
466
219
689
731
789
372
131
577
448
633
746
969
473
207
765
516
268
633
34
4
913
980
610
648
300
610
591
620
919
96
755
386
315
796
469
104
169
600
33
969
585
131
938
410
339
704
926
959
689
312
963
954
644
925
602
945
887
194
565
159
290
672
897
957
468
366
413
989
966
447
959
903
930
897
313
269
953
591
228
994
904
544
948
548
821
551
493
709
745
410
220
387
82
117
696
903
483
109
892
801
908
851
704
839
101
369
108
54
960
689
401
864
233
349
765
54
900
610
115
997
21
335
736
455
804
432
358
287
894
251
440
154
454
144
993
555
513
454
962
826
143
363
42
728
64
807
134
317
418
250
666
791
937
403
246
742
187
957
381
81
560
822
236
14
318
581
922
832
387
236
10
530
951
52
610
15
860
745
684
630
347
351
421
636
106
19
378
293
976
760
727
888
934
315
903
252
248
177
436
636
765
446
166
716
499
129
83
711
874
768
341
573
471
762
209
577
781
940
222
110
52
949
998
986
616
253
238
865
430
675
501
547
473
19
263
972
148
699
683
374
819
376
947
290
138
509
219
272
449
441
382
853
743
380
839
359
634
429
224
416
456
77
964
930
97
579
254
597
630
290
324
801
666
623
443
157
132
662
429
933
456
811
786
199
543
625
910
177
407
487
946
863
564
262
145
13
193
400
611
824
42
935
625
60
558
69
217
43
83
