1
699
250
754
632
717
538
644
618
846
206
47
61
606
106
660
799
697
143
895
897
554
263
447
442
742
361
965
433
427
523
765
478
773
871
111
842
761
107
812
608
665
859
21
271
965
682
70
14
177
318
263
84
933
711
526
676
424
843
461
203
366
227
682
491
98
145
333
860
252
497
820
270
356
193
541
674
875
964
688
405
282
304
489
567
15
367
243
439
210
705
643
929
284
677
420
382
822
106
594
74
603
414
344
960
608
238
634
835
202
674
240
836
978
81
403
993
448
999
785
11
56
780
940
340
457
360
722
279
818
317
705
422
83
50
382
691
640
368
879
194
42
471
30
21
553
785
366
353
784
503
364
192
283
656
532
740
369
255
19
187
924
725
609
7
127
343
51
767
711
930
313
106
401
695
479
306
480
197
12
617
701
728
809
984
385
342
725
754
949
96
293
225
821
903
584
948
598
987
67
310
917
732
768
671
427
247
329
908
444
341
877
145
70
38
482
807
380
207
913
681
303
206
258
477
461
843
777
60
830
197
722
100
929
490
123
357
737
452
265
533
146
494
31
568
532
513
375
265
720
288
946
375
494
205
852
956
400
630
16
582
827
90
682
756
580
157
465
669
962
730
202
108
576
233
676
109
746
403
374
818
691
672
546
537
229
398
493
629
380
861
564
559
951
598
668
883
756
133
552
718
216
107
178
792
340
206
253
439
609
627
609
300
300
155
189
881
906
683
863
286
896
427
198
200
25
218
83
781
351
988
851
919
95
29
64
787
587
317
226
196
297
836
848
949
991
38
830
249
73
693
888
321
120
86
521
498
656
957
279
7
297
483
279
392
512
343
179
452
12
406
648
309
594
849
258
937
887
441
187
312
486
75
633
607
513
507
457
169
816
736
528
113
571
807
857
436
502
36
888
867
794
536
528
740
737
139
678
976
580
217
288
66
292
274
25
157
133
482
326
949
571
854
414
494
14
271
930
868
659
818
87
454
707
616
194
444
755
224
773
687
441
61
105
85
687
483
242
172
965
568
473
888
775
887
383
141
510
665
361
170
484
801
624
543
417
170
339
524
395
112
211
836
526
668
922
213
151
164
386
469
85
859
709
212
99
92
705
609
110
418
779
594
219
755
489
636
926
828
512
321
941
75
157
467
744
431
32
895
948
418
364
33
630
74
597
81
518
654
42
628
72
822
574
292
929
63
280
855
892
793
528
185
868
38
652
612
469
684
508
769
455
224
154
437
650
751
518
169
405
560
149
478
734
76
122
16
491
402
223
735
195
752
920
64
142
572
676
963
609
536
733
64
113
887
853
763
639
371
284
396
283
786
226
18
862
348
386
353
751
609
441
946
361
361
362
503
286
391
819
895
279
552
311
392
439
164
508
430
887
792
179
170
578
405
540
792
754
926
498
857
536
939
155
249
300
518
105
586
261
924
833
540
476
496
285
267
660
793
50
547
585
229
70
516
986
610
308
740
889
806
949
425
745
105
26
398
975
131
336
236
55
522
128
883
18
413
503
679
558
553
578
496
782
648
12
768
611
672
861
500
831
162
277
928
619
303
326
594
435
15
182
842
537
663
78
555
76
581
586
987
134
165
483
268
165
495
388
776
519
601
276
350
116
553
279
735
209
957
682
644
972
864
838
509
527
916
65
956
497
651
943
983
168
426
603
334
273
344
462
792
945
739
143
61
644
774
149
853
731
831
849
704
695
40
565
575
956
982
883
806
986
178
141
154
956
745
840
229
441
303
373
386
42
868
800
38
642
949
244
374
132
445
430
179
485
995
754
794
330
989
952
316
167
93
470
475
190
311
704
631
966
430
370
360
298
522
398
293
823
994
667
955
792
449
134
277
796
241
423
126
230
727
794
750
821
265
225
363
928
282
347
894
712
69
254
362
943
4
655
766
351
674
73
143
475
559
772
272
152
196
750
735
923
545
485
96
162
62
812
90
696
511
336
760
580
942
123
523
298
130
641
649
805
66
792
280
977
917
904
130
113
655
865
388
552
702
837
714
764
1
156
461
512
844
221
92
786
696
967
436
827
960
86
984
378
230
264
355
147
521
485
612
528
702
353
80
404
190
794
521
191
302
982
55
146
555
499
284
604
818
720
783
778
158
767
508
389
383
863
536
904
701
149
432
403
854
864
808
44
10
329
587
312
663
994
810
570
493
94
174
311
167
309
441
325
76
949
714
460
812
603
716
865
752
501
269
958
365
429
2
376
110
941
40
773
935
851
695
780
945
222
91
112
531
884
790
608
833
504
420
