1
997
107
136
863
211
989
484
169
355
913
523
83
23
816
123
148
103
974
843
883
272
417
326
736
949
210
526
557
43
383
329
393
842
817
256
54
807
92
575
514
5
451
949
380
267
72
880
371
399
75
606
23
493
933
111
442
143
990
351
539
373
680
932
215
849
540
621
8
632
197
522
637
648
471
369
267
896
249
638
647
324
245
670
169
178
781
611
673
123
314
212
496
346
144
64
196
684
685
204
668
234
79
305
882
902
26
150
798
275
140
797
952
737
467
473
267
601
85
941
724
751
505
573
98
2
637
646
38
322
202
707
557
633
364
791
536
391
293
686
18
786
484
322
523
303
796
791
904
233
84
981
984
941
906
434
943
543
432
982
217
987
41
126
620
405
918
156
148
563
195
167
349
679
489
225
982
285
368
239
870
804
572
855
745
478
641
689
21
74
23
590
61
416
717
33
821
987
542
970
550
737
489
252
768
330
829
750
968
197
341
838
1
265
693
746
743
335
787
116
761
162
707
174
578
424
207
400
763
749
722
313
838
563
917
606
893
746
709
861
295
402
700
648
668
745
395
763
432
534
880
193
697
939
719
275
715
927
27
478
28
101
143
867
664
61
825
558
159
534
419
807
937
471
455
605
217
202
368
1
737
600
547
786
539
266
61
606
545
441
84
574
542
228
793
207
641
618
117
152
153
888
311
442
360
767
399
929
969
119
930
58
720
477
844
611
96
258
218
641
699
654
215
593
234
360
800
227
979
917
732
484
806
43
926
518
810
677
799
132
796
729
542
868
559
739
480
655
997
50
296
48
704
864
641
291
224
794
518
555
711
250
39
869
646
317
739
808
994
538
940
143
620
835
11
179
574
843
186
571
893
834
971
950
698
612
593
275
406
111
830
470
714
222
691
712
539
431
520
886
321
813
29
941
648
392
120
574
236
658
145
481
493
468
783
543
432
376
818
839
840
1
661
906
223
704
618
114
487
138
352
809
303
733
750
303
126
223
877
362
881
374
195
374
842
979
270
275
355
440
466
195
441
479
101
16
183
71
483
671
562
835
480
865
569
230
169
47
453
398
761
687
773
956
413
967
935
683
242
291
124
60
838
917
539
292
286
75
363
769
746
925
956
578
143
877
160
664
924
966
62
685
653
835
994
66
155
929
102
749
572
226
810
411
495
701
55
781
776
418
902
874
696
211
452
839
440
965
503
717
931
917
754
936
105
748
354
260
678
456
9
250
34
819
13
530
521
68
663
649
839
918
524
535
481
328
726
921
293
581
990
576
498
745
864
603
493
571
863
171
27
873
774
414
44
139
296
565
560
311
215
399
581
91
286
62
419
364
336
65
945
326
993
443
71
210
47
917
781
262
440
808
135
214
222
180
706
518
97
266
182
664
17
763
107
655
826
527
19
514
944
316
192
937
759
616
499
158
533
280
421
973
89
908
540
663
440
246
534
538
512
716
554
881
479
662
536
657
541
907
523
485
223
716
774
334
332
274
845
865
554
266
190
995
526
730
11
967
976
897
857
840
613
411
721
444
425
609
454
966
868
977
451
443
693
578
130
377
204
975
594
758
593
785
106
119
515
469
438
492
366
295
684
331
59
406
127
484
367
581
451
588
911
254
31
956
832
513
334
388
488
928
499
433
713
605
905
581
74
343
425
792
639
109
123
698
867
250
182
587
184
985
175
95
240
558
51
424
72
737
813
912
18
312
346
83
269
251
664
695
946
89
487
585
199
610
635
66
212
170
5
396
507
180
491
747
739
895
524
163
984
689
427
2
1
773
86
622
376
750
317
323
192
804
260
743
766
248
161
978
770
167
375
277
347
218
25
438
465
901
953
450
590
381
452
943
154
890
565
883
993
882
558
185
686
170
280
804
418
441
782
188
608
157
466
308
728
843
746
193
96
52
643
686
433
448
629
939
690
546
822
683
428
732
220
466
903
852
270
673
294
52
214
254
562
32
562
290
875
661
835
323
713
831
9
498
279
990
437
321
536
260
357
316
344
929
782
247
782
404
921
76
808
487
682
370
519
597
12
746
258
848
69
323
679
78
821
310
420
610
983
308
870
340
624
567
270
758
814
52
162
87
480
970
574
162
693
445
759
57
191
369
257
260
44
288
690
217
950
110
828
934
770
50
274
394
617
896
152
784
948
666
223
780
989
150
295
34
595
406
91
787
128
349
47
524
989
90
742
940
552
922
874
323
324
500
717
294
397
222
430
697
888
653
478
877
155
773
911
751
531
355
890
659
56
289
184
45
379
278
985
