1
932
200
211
255
876
712
324
170
109
546
952
806
435
606
284
664
113
409
928
864
293
635
106
952
691
396
488
88
775
766
426
59
318
637
666
195
349
991
717
458
889
670
617
324
628
253
341
741
15
621
958
308
256
64
260
299
812
749
387
940
867
813
999
186
803
666
381
152
9
98
963
898
120
580
575
748
833
268
842
848
889
152
508
145
568
769
444
381
870
183
321
737
349
672
923
152
338
656
304
699
107
619
598
227
199
525
328
385
793
522
585
682
674
94
179
242
215
975
623
85
510
296
174
859
969
450
11
659
106
668
359
565
639
309
793
839
186
473
576
979
995
161
13
21
255
192
615
470
519
591
907
29
887
82
889
856
884
252
868
990
272
579
908
912
240
53
103
426
526
31
757
873
192
770
894
800
314
861
622
185
452
530
214
340
964
455
548
200
708
768
542
332
347
450
596
587
503
699
365
29
730
474
254
275
244
500
75
910
362
49
95
814
931
662
506
895
117
55
447
177
823
990
862
523
440
458
462
944
510
828
325
592
302
932
867
899
432
294
161
794
344
609
961
275
623
467
523
740
874
970
270
698
312
132
573
753
942
35
49
804
863
726
397
518
658
616
769
91
911
282
237
607
891
550
234
514
18
109
607
244
432
229
942
744
713
515
849
655
903
898
460
118
977
209
636
635
825
757
78
736
40
668
695
283
218
930
150
588
39
757
833
823
986
127
568
51
995
417
706
898
668
518
16
645
727
5
632
553
762
63
641
154
731
689
790
301
619
940
242
10
697
427
834
35
554
754
86
901
523
144
799
191
15
168
188
94
173
173
999
287
236
641
794
319
330
584
620
301
524
214
663
573
641
849
960
196
603
398
97
127
894
249
670
909
417
211
4
942
384
3
581
972
996
375
291
678
311
263
331
835
478
995
760
471
844
720
19
448
470
469
927
365
718
949
274
487
160
630
429
896
634
362
868
982
738
511
661
49
127
992
237
957
339
349
428
184
70
448
984
540
917
263
905
987
212
532
474
373
162
255
621
148
617
490
131
707
353
144
109
832
488
698
789
828
47
570
364
469
370
700
362
287
963
619
626
175
151
100
548
314
707
522
462
676
364
945
736
717
89
197
902
578
895
691
406
294
613
122
764
983
822
126
270
785
745
896
960
249
348
861
563
407
383
377
84
747
323
172
816
412
369
718
342
616
762
100
910
375
222
26
711
44
504
981
181
602
230
494
851
930
707
766
690
442
143
774
541
466
298
357
231
667
428
573
283
542
674
545
269
248
572
980
645
76
314
826
678
896
672
881
826
379
647
516
821
791
642
362
609
940
72
192
959
852
118
242
394
144
140
15
392
712
996
389
140
310
568
819
206
240
52
384
620
700
253
793
843
895
508
452
188
932
997
499
136
115
742
530
259
234
897
3
946
893
393
86
203
961
257
409
201
310
146
173
362
399
319
205
646
827
657
186
111
6
686
247
121
780
129
732
14
26
736
960
920
481
398
475
442
8
237
995
670
383
521
32
782
840
237
780
19
246
967
130
253
653
729
374
433
858
459
447
884
195
759
156
676
509
632
470
517
869
465
187
252
338
571
386
178
808
166
197
55
133
679
660
786
408
386
219
266
845
18
503
40
129
659
68
639
291
890
156
160
356
696
764
694
267
150
225
428
317
774
835
450
806
495
589
214
233
160
833
79
179
688
471
660
347
892
299
991
782
808
503
138
856
268
185
123
418
762
903
87
536
738
890
342
585
479
909
171
639
94
250
170
782
73
831
129
965
482
472
748
290
976
238
146
596
775
622
366
537
525
454
426
616
696
120
553
175
29
724
166
123
326
689
905
400
872
387
365
354
859
465
645
187
704
143
783
479
765
502
369
643
956
795
611
652
915
516
179
297
593
345
420
919
386
678
671
258
417
389
613
628
854
610
816
558
753
951
390
871
453
759
866
761
554
477
765
821
345
944
118
938
642
891
210
28
921
881
639
338
270
604
318
125
214
134
35
319
438
425
542
243
536
408
5
442
237
770
264
583
67
734
873
709
977
435
89
250
317
728
588
939
332
907
416
898
393
804
570
183
229
112
427
118
521
432
560
110
554
824
45
621
911
271
682
240
706
124
491
375
852
79
667
537
338
83
787
84
239
357
267
821
470
694
939
343
478
499
805
385
676
851
6
587
122
41
827
180
165
318
556
369
750
223
258
440
658
46
876
898
755
496
719
577
542
10
272
21
509
78
758
185
281
764
124
755
157
304
935
322
974
491
44
76
66
302
517
725
