1
700
745
975
808
241
46
385
784
56
658
157
917
88
915
455
369
679
579
124
189
883
411
863
858
903
907
934
321
562
803
398
614
549
725
422
142
771
160
926
179
170
83
97
258
998
552
979
30
483
103
219
719
514
434
929
769
694
215
443
256
19
841
222
920
567
997
62
690
157
341
870
327
424
319
937
775
223
916
805
58
19
376
777
885
810
706
7
504
922
450
112
293
643
335
565
562
332
979
253
841
320
475
168
97
794
105
872
369
21
29
427
392
405
557
629
215
615
988
72
889
790
184
182
434
871
99
996
203
431
601
44
751
76
564
200
222
21
424
943
394
453
723
786
858
280
768
426
895
756
498
785
899
34
319
333
906
771
681
461
202
283
858
305
711
422
506
934
444
930
877
838
736
600
977
594
232
97
20
128
205
870
265
104
905
584
437
811
707
471
272
909
754
130
215
817
905
73
751
701
355
981
891
91
581
220
38
814
317
410
294
523
281
911
627
538
495
417
349
555
240
973
464
346
456
679
163
713
104
915
414
460
896
305
551
829
526
941
995
195
352
641
718
633
552
698
171
400
467
872
955
707
197
771
53
5
803
216
718
907
483
132
367
731
790
271
913
668
212
260
863
564
902
934
549
806
632
72
206
451
296
513
158
846
285
211
851
88
779
570
347
263
54
715
994
196
338
259
864
902
520
80
819
422
14
720
228
998
793
787
449
441
652
959
287
289
522
139
377
301
61
725
916
467
792
263
664
482
522
528
736
42
960
555
816
974
276
45
324
421
184
125
214
188
84
502
478
958
993
207
260
406
284
528
873
428
791
537
910
314
418
647
708
378
554
525
705
182
922
381
603
106
507
170
646
943
672
124
902
17
332
514
423
968
42
296
397
834
186
307
500
956
306
208
686
861
733
743
43
655
125
999
113
984
169
760
927
193
236
829
210
920
695
633
889
738
281
286
924
819
945
424
775
252
984
462
465
70
205
860
725
682
211
191
666
380
303
594
925
891
775
135
812
471
120
53
561
754
691
485
573
636
261
701
240
245
515
57
315
72
918
393
755
481
936
421
214
591
367
139
482
495
627
646
318
747
699
879
853
742
364
779
379
977
480
971
222
995
29
890
67
299
635
174
780
923
948
994
514
667
486
996
162
113
995
480
212
694
711
66
437
427
845
168
404
325
491
979
672
872
221
91
171
208
266
304
131
214
650
645
881
136
993
396
601
988
228
814
35
940
880
824
367
77
344
124
402
835
103
426
708
676
517
231
884
783
887
15
349
538
12
231
26
5
627
628
346
855
794
381
147
674
557
867
751
901
991
505
88
446
931
796
122
448
380
358
584
267
373
933
157
385
516
536
742
495
516
88
351
310
821
850
984
730
717
87
631
60
944
720
506
875
868
980
675
600
338
611
868
63
545
377
800
61
913
895
909
429
983
260
739
157
462
75
887
180
162
871
592
106
943
99
333
811
431
361
412
122
972
632
185
869
9
338
283
923
233
192
704
568
804
444
77
266
871
965
798
34
836
743
492
131
194
178
294
625
539
706
747
863
690
285
733
700
975
368
975
560
560
31
128
716
475
206
334
699
523
485
85
711
228
577
842
422
107
136
47
646
195
147
862
885
784
947
937
111
315
264
671
227
296
799
295
123
357
629
822
232
114
907
943
342
837
137
764
296
274
164
295
821
663
157
58
447
104
348
558
771
612
581
350
260
380
645
736
90
274
558
322
389
818
618
83
7
755
200
303
381
364
950
554
27
107
613
826
563
313
736
334
925
317
684
538
49
329
274
491
956
184
166
697
354
784
780
713
891
980
17
625
696
319
179
75
427
144
901
342
457
989
677
735
658
713
273
60
395
547
551
703
83
69
400
438
853
180
151
97
161
520
74
857
840
253
933
619
750
186
961
207
528
990
294
186
704
567
598
451
466
150
154
902
571
554
340
777
734
843
874
247
364
948
457
556
553
742
175
303
280
136
863
808
127
509
347
183
429
945
634
247
447
140
149
19
46
489
148
132
333
22
380
49
322
189
605
227
283
132
531
563
268
746
724
747
255
423
930
36
720
916
284
520
408
433
891
454
275
39
587
960
61
319
9
735
508
966
962
791
98
845
706
718
943
430
466
551
205
748
587
926
665
871
446
73
305
337
880
580
376
467
540
789
786
901
524
294
867
838
437
317
684
143
35
627
926
501
178
483
602
118
409
267
989
207
692
646
544
572
226
272
391
118
413
177
371
289
823
590
128
260
907
812
756
295
791
34
148
322
517
750
440
927
