1
369
781
486
62
428
31
986
6
655
378
477
69
907
848
358
731
439
838
343
698
2
99
345
794
485
494
468
3
244
260
282
966
41
768
380
821
151
366
180
807
96
657
228
4
857
938
735
648
777
430
347
779
882
44
925
367
538
393
370
135
5
652
101
399
773
481
220
924
199
752
83
296
409
311
652
267
250
739
267
27
169
614
806
51
11
84
419
549
477
141
36
835
146
489
234
919
970
806
195
522
559
279
170
968
590
822
587
840
913
855
219
82
821
378
486
832
462
257
734
291
398
770
126
544
260
360
815
582
167
11
456
78
290
626
46
232
800
986
73
713
193
644
148
14
22
986
199
484
243
285
776
641
55
254
538
667
615
705
602
134
68
58
212
358
37
610
591
837
596
16
903
141
12
51
508
35
37
707
871
632
992
999
273
399
254
163
67
221
221
669
355
289
79
919
0
116
529
943
954
478
959
209
619
323
612
127
358
649
186
230
633
530
581
258
930
835
422
349
56
995
370
763
284
449
34
284
918
564
227
224
394
538
433
365
862
45
845
572
46
383
154
679
914
736
937
196
571
711
545
980
706
915
95
343
716
130
627
634
46
207
858
792
97
643
157
959
688
354
884
734
738
38
765
4
774
55
200
698
766
745
30
825
12
477
168
80
607
147
67
5
706
925
797
804
921
307
115
609
13
999
696
751
390
813
755
516
868
307
566
635
404
596
812
416
426
332
849
385
479
916
391
186
193
540
342
114
847
457
724
861
809
772
964
199
585
72
67
454
379
634
441
784
582
605
552
8
937
753
394
416
669
137
954
863
677
296
329
877
106
405
90
915
177
54
466
115
478
885
569
210
519
362
346
102
967
250
462
904
4
208
672
673
345
627
888
23
275
570
252
381
975
342
648
153
748
466
268
227
352
189
437
871
903
135
325
870
385
140
126
389
348
798
415
694
777
655
69
53
225
321
786
201
15
787
706
763
253
326
342
957
867
131
181
770
266
506
992
652
646
118
393
347
268
808
41
46
816
462
451
41
783
237
594
150
24
652
913
630
978
608
587
845
739
120
967
358
627
959
10
625
429
755
324
50
916
365
96
732
827
899
125
962
136
720
112
513
372
378
495
703
986
82
548
77
555
868
435
182
827
797
159
609
553
484
659
469
201
107
553
381
6
678
695
494
398
160
359
123
538
854
826
876
289
726
305
844
594
741
378
774
890
889
735
795
725
394
264
279
853
169
660
211
848
355
705
598
515
417
73
405
271
899
633
912
978
939
108
572
32
486
698
922
728
433
70
453
179
334
732
32
856
744
595
704
452
301
654
319
70
728
77
693
979
710
606
957
1
714
882
33
553
580
308
633
366
378
86
545
64
171
930
920
267
525
976
719
178
631
391
248
711
468
942
690
178
900
648
532
966
530
917
871
462
225
504
828
955
943
726
372
466
8
644
733
533
621
805
64
604
196
664
315
16
958
5
546
858
5
78
177
535
996
48
998
573
553
178
529
848
256
253
314
264
897
47
150
870
204
214
826
752
230
141
768
189
499
315
399
504
745
928
392
741
977
742
667
882
272
548
730
529
801
44
793
698
443
943
921
648
509
747
400
92
241
521
281
92
188
32
948
933
961
340
27
290
434
694
172
707
594
902
236
395
298
29
445
741
325
366
741
186
466
494
278
59
367
911
151
555
944
99
840
257
792
219
547
226
265
719
933
859
973
169
254
623
551
52
716
876
418
458
414
236
304
693
295
671
604
446
226
900
898
418
157
690
638
56
916
903
775
850
115
100
371
369
723
922
421
792
150
192
250
565
428
554
610
76
577
566
874
803
467
772
573
976
462
211
385
379
467
512
581
582
613
952
303
688
875
725
480
25
269
82
942
49
988
552
125
565
119
0
720
938
772
294
914
587
857
651
318
676
164
899
258
777
851
562
817
78
639
650
104
260
732
46
309
73
951
787
638
70
787
711
8
911
357
274
498
214
926
168
891
90
67
501
219
919
415
36
997
54
686
453
314
771
852
976
196
803
763
834
873
550
897
233
813
254
859
664
821
785
832
64
227
900
917
446
171
333
835
520
739
873
326
406
996
178
382
192
333
145
379
558
47
276
791
212
883
650
876
56
788
61
472
15
313
389
814
836
74
649
356
814
874
682
220
871
212
954
63
545
451
442
103
850
71
894
62
954
897
291
362
37
352
834
52
17
223
218
853
650
219
209
464
94
244
36
317
456
342
380
354
793
175
457
643
246
704
705
552
953
348
266
990
700
100
394
69
675
613
