1
922
325
184
484
141
278
80
177
947
536
519
328
242
664
855
700
307
453
756
365
357
709
713
623
51
766
723
445
835
750
410
110
76
595
594
569
225
674
747
173
562
618
853
805
635
708
857
942
161
613
659
870
674
373
493
725
491
568
170
326
318
933
788
746
528
382
316
105
408
415
278
971
385
131
128
20
191
985
963
704
950
622
574
624
347
67
349
838
635
871
517
306
804
305
52
332
40
368
790
800
135
68
123
521
552
251
541
95
588
856
800
538
479
374
514
178
794
215
369
781
87
886
87
891
543
492
576
935
860
366
736
348
786
859
869
338
463
410
434
51
267
586
942
98
312
808
276
106
24
997
240
111
883
679
354
779
171
930
66
384
648
802
732
435
662
601
125
477
11
911
528
630
849
822
728
162
631
357
620
655
354
860
118
590
540
472
721
711
755
787
447
755
590
179
542
604
780
20
81
144
931
961
774
781
136
855
295
767
212
915
774
918
776
244
508
668
68
581
731
175
369
179
931
311
710
473
267
843
493
700
987
777
661
113
910
149
320
205
268
884
120
394
803
248
638
663
268
707
245
352
234
966
883
165
277
593
991
544
436
836
596
775
965
609
241
875
759
561
432
27
798
905
422
953
153
60
616
774
119
213
126
354
531
9
871
160
954
214
704
391
51
652
518
16
262
759
244
21
673
676
400
471
581
822
776
87
235
392
213
706
958
691
60
841
700
284
2
6
498
58
749
901
711
268
270
973
379
514
346
404
542
746
227
476
569
3
915
804
748
128
862
706
819
275
899
871
559
901
229
409
960
979
311
671
599
581
996
978
447
342
735
341
88
962
169
657
966
84
813
714
564
676
772
735
951
671
958
862
573
188
271
885
519
934
556
118
515
552
448
314
894
535
656
982
498
177
992
464
262
157
530
178
833
302
266
136
325
576
350
250
116
622
135
635
908
691
105
776
595
906
90
841
441
98
176
939
276
168
755
890
325
637
420
511
291
686
999
617
263
350
867
379
324
3
367
232
46
824
8
642
730
451
483
524
549
659
815
177
179
923
67
505
560
840
368
852
526
367
469
141
717
688
873
393
691
592
626
738
416
986
732
499
437
215
23
339
227
190
516
406
113
936
263
674
776
631
878
302
999
347
796
68
387
21
814
79
613
792
169
381
778
901
880
568
468
255
907
695
446
423
454
559
359
717
585
135
701
463
790
52
162
938
472
550
959
286
629
924
78
150
305
209
51
186
777
871
441
684
919
887
107
373
447
819
442
384
306
495
848
448
899
10
738
372
560
697
10
541
621
89
43
927
298
446
465
75
318
906
111
237
146
570
962
945
389
756
329
48
252
177
848
151
188
587
875
100
284
886
994
258
975
37
537
625
484
2
52
802
908
163
391
54
733
705
999
475
461
681
875
65
858
723
569
398
310
444
499
947
682
493
557
9
882
94
634
366
96
38
520
356
201
911
763
287
616
114
114
78
795
989
495
6
64
64
404
727
861
903
26
543
748
583
905
631
29
891
349
477
930
870
833
483
781
948
122
750
415
236
828
562
577
675
568
994
92
973
721
953
228
747
848
329
682
753
960
711
645
661
188
927
531
373
410
313
674
885
63
89
121
243
651
51
270
220
45
362
545
118
667
773
217
516
102
899
621
414
962
618
76
502
897
607
875
660
272
549
545
687
990
666
282
642
69
553
214
466
915
759
584
935
884
153
803
339
404
424
753
366
395
181
868
644
141
96
304
413
997
849
453
988
868
735
982
937
640
196
404
908
307
340
843
191
494
646
530
250
422
636
617
817
817
837
814
958
285
118
724
283
968
177
271
836
264
605
125
905
801
881
165
460
222
8
651
68
654
534
318
76
522
287
246
691
477
60
650
762
530
726
45
498
255
668
686
871
273
812
128
426
693
293
886
267
301
890
335
955
776
6
384
298
293
982
989
770
42
991
533
572
69
930
423
324
951
109
196
576
273
676
3
319
970
241
586
271
483
274
579
259
280
963
909
925
945
251
696
339
242
581
263
664
863
686
988
814
148
536
743
421
213
98
740
535
339
679
806
823
953
385
434
585
700
344
510
997
595
558
336
189
139
600
853
355
638
194
521
786
82
264
208
647
362
300
182
54
979
989
229
284
726
663
869
779
7
732
776
954
290
113
144
430
65
349
137
703
543
658
490
978
923
50
625
637
702
808
691
34
149
272
318
227
936
540
6
295
272
783
250
562
248
746
344
313
95
481
368
991
492
858
969
415
260
594
404
315
754
448
349
255
720
19
