1
835
656
911
841
304
183
976
554
98
576
652
794
889
99
628
258
90
120
468
411
887
81
6
291
396
112
739
97
720
460
468
555
468
380
748
772
915
77
678
13
653
330
808
895
782
436
153
872
908
973
284
795
54
642
86
802
106
826
251
826
638
720
733
106
100
482
231
15
559
909
381
564
592
541
459
374
329
612
598
237
938
234
32
344
876
118
499
335
296
750
161
934
470
247
393
570
729
624
938
640
885
319
204
477
860
664
851
189
628
802
778
566
36
810
263
913
928
762
600
577
512
113
863
983
360
256
905
89
232
195
81
118
514
286
947
726
302
151
267
930
953
45
849
989
855
112
254
136
226
854
713
738
968
576
73
328
185
331
770
769
526
851
239
393
489
187
471
791
338
91
722
643
488
923
632
344
387
239
832
613
93
897
703
413
825
129
94
10
460
864
132
338
67
371
83
557
910
555
348
248
998
70
243
486
345
876
182
732
467
14
345
912
911
49
326
89
178
420
451
990
636
583
680
703
307
764
260
217
671
609
818
669
31
61
155
377
289
690
461
756
704
807
669
968
208
347
57
738
767
860
80
755
444
760
458
751
524
71
968
547
680
786
216
63
200
724
792
489
414
254
598
470
413
267
790
621
966
847
711
85
60
791
840
504
551
650
607
428
721
927
975
401
66
192
817
266
268
609
107
34
863
705
504
276
324
295
249
290
494
960
375
554
103
567
410
655
218
17
83
939
945
58
693
11
602
510
277
870
119
384
904
335
442
761
963
766
56
565
409
902
877
136
457
981
704
867
636
922
237
71
861
182
129
554
193
84
416
822
306
536
558
563
223
352
324
538
119
732
103
880
634
981
16
443
962
720
311
950
642
548
21
856
82
502
762
627
586
179
801
893
67
359
808
290
64
132
180
535
864
284
415
850
617
431
294
931
504
957
881
498
857
254
354
939
756
117
566
695
648
719
940
715
78
748
357
494
880
537
29
96
173
444
946
790
876
240
721
732
549
954
230
406
208
585
345
965
54
263
660
702
982
952
417
413
700
126
907
580
663
937
28
837
733
974
627
961
567
701
693
468
655
924
875
864
861
572
181
267
836
193
969
170
145
738
935
845
864
843
777
879
132
805
716
865
131
696
827
50
749
520
519
404
796
746
620
9
318
801
276
154
994
245
677
139
335
612
336
551
455
113
783
939
270
851
805
754
547
984
804
648
856
675
53
5
421
25
14
740
827
291
246
173
888
923
313
224
536
649
127
343
115
910
635
385
762
792
491
661
776
296
310
984
323
715
989
97
740
4
189
919
647
435
93
535
711
758
111
599
407
239
294
874
501
929
612
263
721
103
277
849
751
587
834
75
654
175
172
746
179
361
666
826
148
111
714
859
869
825
810
628
64
105
503
566
34
115
181
108
218
458
957
970
397
143
397
51
319
921
150
850
634
816
29
782
927
743
994
796
568
156
424
985
261
279
903
648
394
84
756
965
895
713
287
292
857
684
696
176
957
846
378
591
14
407
725
293
150
71
89
71
228
865
56
489
145
311
489
891
747
245
208
642
311
495
287
168
531
335
696
488
533
74
79
547
834
805
840
984
876
281
407
456
498
463
946
643
774
787
887
874
33
447
516
344
943
155
864
826
490
912
315
375
338
746
922
172
551
114
509
780
395
916
588
894
732
886
889
858
674
128
732
707
576
249
403
871
756
267
697
599
531
12
974
869
759
249
394
662
363
255
794
111
171
383
357
903
269
246
114
943
727
846
2
303
447
405
174
204
24
223
155
555
236
129
777
347
378
523
361
94
778
156
205
949
891
562
205
160
160
319
456
887
517
458
542
965
864
68
521
888
292
676
796
880
805
573
227
536
96
588
630
226
96
835
175
987
749
732
500
909
403
956
149
921
414
691
238
630
760
759
871
52
435
667
284
592
592
511
128
40
451
758
266
900
945
793
887
46
878
387
308
281
695
457
554
110
148
792
740
260
903
611
664
338
630
948
931
222
811
59
614
263
170
880
515
467
26
402
866
904
142
174
537
837
631
92
299
779
236
392
40
140
3
704
830
986
5
761
208
816
173
823
431
695
55
946
514
81
701
380
985
843
554
523
32
185
967
684
317
555
76
709
695
431
413
878
417
770
639
978
587
164
153
18
211
208
965
726
290
666
106
627
861
661
502
245
198
821
929
515
377
357
224
424
789
990
302
206
112
294
536
699
810
689
718
22
898
35
748
540
53
206
167
914
219
22
511
418
843
793
285
572
150
862
997
939
204
651
498
316
