1
297
34
16
108
76
86
130
974
473
230
866
526
436
385
792
8
407
303
426
603
96
63
175
599
277
524
538
481
176
388
150
473
775
518
581
851
604
63
177
77
293
43
955
82
428
747
90
188
402
868
143
851
283
318
450
561
843
340
394
371
81
544
196
856
62
130
59
18
545
588
447
839
631
754
273
411
501
363
951
256
583
94
107
866
765
909
427
960
249
822
331
682
718
879
538
133
9
949
503
555
537
951
746
520
57
371
284
559
734
235
815
317
682
274
535
447
183
963
407
784
137
90
467
855
321
357
988
683
659
492
590
196
795
336
69
852
707
353
763
793
940
930
462
622
556
997
421
739
312
180
876
449
622
343
305
944
52
645
627
711
489
217
260
284
905
329
489
964
682
604
109
974
535
571
949
91
568
370
183
233
903
59
682
525
754
987
469
158
985
448
870
474
17
130
111
274
811
600
238
493
204
347
819
91
918
768
535
839
139
718
72
42
129
106
919
235
446
741
393
431
541
615
905
559
97
16
833
908
968
72
753
173
771
573
616
42
341
151
233
480
869
657
874
350
763
146
937
209
887
331
640
428
298
898
987
396
914
173
304
235
597
58
408
368
631
24
762
324
528
995
157
749
652
383
100
768
529
37
977
416
720
970
197
19
868
536
767
134
709
71
369
658
481
129
27
464
506
789
789
34
137
946
783
789
329
235
557
211
625
887
627
345
857
176
716
77
713
483
563
774
907
285
433
388
414
812
205
272
953
994
306
90
292
442
232
973
29
141
184
654
28
164
352
237
340
68
666
405
904
230
180
811
515
613
551
281
425
756
554
378
102
212
821
746
6
53
720
36
194
256
690
575
772
42
164
465
463
831
870
367
413
402
178
928
15
81
561
792
838
115
523
940
680
344
687
38
749
759
74
943
367
117
870
140
511
35
605
974
218
827
693
631
230
223
911
245
305
472
390
143
940
913
435
972
609
474
10
358
233
437
653
953
554
876
93
417
263
50
744
481
877
437
464
107
661
375
705
966
199
447
461
139
360
248
111
321
723
474
31
308
911
684
261
817
560
354
586
175
756
330
656
634
768
120
741
781
847
798
99
47
245
560
186
957
808
650
278
531
476
661
192
739
346
453
556
258
160
142
434
916
825
442
902
593
915
996
726
762
794
825
161
40
385
700
349
545
350
980
429
178
641
621
917
339
426
825
950
586
319
384
855
144
178
757
89
93
753
815
208
900
640
369
940
25
69
641
571
771
621
0
949
263
621
218
954
399
43
904
986
363
640
193
507
819
302
597
264
408
412
472
308
53
194
600
430
263
241
353
387
215
353
688
478
326
907
784
726
302
689
64
665
329
609
525
148
911
474
413
319
238
237
627
643
431
579
74
47
821
779
434
36
133
474
866
811
733
650
889
36
691
305
53
21
914
578
521
826
404
934
497
643
524
477
638
955
56
64
354
229
844
140
265
329
615
483
140
348
134
382
384
825
687
438
198
602
368
720
780
125
6
629
768
530
106
758
838
515
823
544
744
667
685
10
996
300
493
488
0
979
870
385
157
558
175
707
512
895
427
292
20
786
921
140
668
380
899
858
895
74
403
639
741
88
1
89
740
847
577
740
178
800
477
687
358
4
395
870
252
174
514
272
960
435
765
629
167
16
487
62
90
242
54
831
330
55
272
422
254
201
515
433
1
992
120
359
349
515
581
601
690
95
225
2
531
990
631
698
6
471
113
96
713
167
279
396
574
903
170
829
105
685
262
106
30
734
466
731
250
47
332
292
495
557
294
26
900
278
76
906
101
541
355
166
60
986
914
635
890
85
816
995
122
430
453
152
164
271
235
766
319
567
410
166
477
57
192
377
335
620
635
788
514
342
954
574
329
869
561
571
306
377
918
428
159
371
933
676
643
168
442
314
88
205
480
565
262
672
294
949
644
281
737
158
624
691
85
305
912
646
876
570
24
794
999
535
165
284
211
808
452
6
122
892
211
602
457
473
626
103
774
623
385
511
133
9
554
218
314
819
865
542
389
241
336
740
776
853
24
988
662
829
994
136
721
205
91
531
30
717
634
804
692
371
667
826
380
573
44
46
392
261
588
134
502
276
874
279
130
251
619
144
80
613
280
153
170
371
684
552
441
671
708
133
42
727
311
775
300
708
173
45
969
762
531
472
390
405
103
520
656
722
664
88
687
945
242
209
668
278
113
109
949
821
595
344
900
906
119
552
966
292
949
936
406
480
408
797
238
863
669
246
585
334
335
624
631
929
185
651
207
