1
298
113
509
471
708
205
723
966
676
275
933
320
225
869
727
57
629
876
295
492
897
542
429
583
229
405
214
510
590
218
69
240
331
930
711
391
135
434
357
163
61
642
484
286
863
563
696
844
791
991
336
688
885
117
272
466
874
838
976
464
56
398
704
387
328
767
778
816
553
488
979
615
482
463
253
346
26
949
190
817
293
879
858
178
348
130
997
223
968
325
39
377
723
96
116
404
863
895
220
769
735
199
736
217
15
341
563
393
643
106
563
936
337
421
466
685
903
463
908
223
141
948
600
864
44
717
268
259
964
488
380
699
40
116
916
55
810
832
800
453
938
363
389
275
784
207
312
687
23
573
911
164
521
863
28
917
580
649
528
544
489
909
595
529
377
512
936
187
344
737
640
634
100
381
261
237
589
573
276
612
146
187
776
19
403
156
288
983
805
169
880
647
430
475
528
159
339
465
347
35
554
339
21
6
73
282
595
14
208
872
626
354
411
754
726
814
262
366
150
420
535
30
67
965
857
595
125
549
412
824
584
318
515
606
677
588
240
272
602
448
144
580
155
556
686
881
722
949
247
872
369
135
254
788
452
112
383
929
661
148
753
597
818
621
555
495
209
796
768
164
244
264
96
399
172
783
632
895
732
880
119
453
367
374
241
819
838
976
749
851
476
854
448
295
827
4
790
37
800
558
553
396
823
649
796
995
432
428
242
516
660
362
969
379
736
562
199
926
891
300
777
367
506
577
662
334
933
805
723
85
715
628
482
538
277
630
886
62
410
480
930
71
842
252
450
930
814
1
856
57
653
985
425
512
915
439
846
848
596
921
286
312
549
768
202
178
750
440
240
160
921
171
231
763
775
34
694
941
387
902
999
393
240
776
905
155
215
751
3
812
24
289
476
573
409
678
751
159
119
344
320
40
867
903
155
642
289
201
583
29
104
582
422
344
358
327
499
926
430
854
90
454
496
566
379
905
596
482
417
715
826
89
107
693
344
263
687
986
464
271
15
568
205
437
264
564
116
115
842
898
970
284
704
466
850
83
723
446
565
140
514
744
581
621
437
926
884
125
912
701
748
927
269
953
716
886
869
832
1
63
82
971
347
786
789
197
869
513
996
786
5
862
530
587
483
320
513
720
797
425
421
545
704
42
850
420
928
720
604
282
783
686
253
483
472
395
32
693
908
28
831
913
242
714
852
78
34
365
798
183
142
571
80
846
965
930
618
246
2
574
528
138
612
781
621
436
528
653
129
436
34
313
702
276
27
554
354
413
272
504
596
414
427
676
613
393
606
583
639
961
158
167
99
770
300
720
207
829
725
688
617
759
1
671
36
28
226
742
793
850
599
389
264
378
65
229
771
24
813
762
985
971
281
84
93
934
156
300
115
881
341
732
641
342
756
29
723
334
123
516
184
74
258
800
453
323
30
576
699
843
339
684
166
972
120
259
906
276
912
21
158
605
106
151
299
862
180
374
548
655
243
732
730
501
532
183
176
914
759
876
109
450
560
275
423
681
887
681
309
151
55
467
756
513
618
55
375
150
430
275
806
673
7
536
526
891
719
702
806
830
578
915
633
491
543
56
524
430
89
833
933
144
653
689
657
623
96
384
774
878
659
580
903
18
468
429
910
539
484
68
369
414
983
2
905
526
410
781
308
500
967
241
996
620
282
6
595
731
390
369
961
402
301
217
420
769
998
682
308
482
750
30
897
734
384
154
612
147
288
921
999
255
514
995
227
797
1
822
880
744
192
841
146
845
58
918
615
57
601
275
891
351
657
140
85
42
295
50
189
583
971
540
190
837
535
417
986
889
591
866
633
135
60
131
981
470
49
948
879
650
575
771
2
233
911
439
627
558
489
168
141
812
708
683
650
243
100
636
484
44
855
469
179
915
952
160
385
2
460
265
4
36
36
358
269
299
798
896
858
639
64
351
804
772
35
454
367
487
442
204
531
297
673
711
212
978
223
598
980
684
215
984
72
603
695
341
902
493
589
760
484
5
112
288
129
147
94
496
986
537
52
518
834
78
581
47
56
156
997
388
840
212
372
264
815
419
605
69
912
546
830
749
551
294
389
680
441
484
529
779
21
581
297
855
11
878
902
67
35
251
455
227
463
180
844
630
599
801
700
864
348
882
965
251
176
354
932
969
838
813
748
859
746
46
715
758
276
969
177
663
221
985
243
36
165
87
19
116
888
719
332
588
601
297
840
129
652
124
98
490
937
846
702
35
244
417
145
873
738
323
888
311
308
131
348
825
570
367
293
811
