1
438
626
399
391
923
239
520
927
715
618
418
4
816
472
40
61
889
185
286
979
860
174
291
520
306
991
697
228
358
991
39
148
969
439
539
244
30
59
172
98
29
942
102
845
414
142
258
655
680
544
634
540
719
277
61
377
268
758
957
978
101
997
126
70
788
665
315
170
76
839
268
105
781
723
303
195
865
561
202
897
458
836
438
529
114
851
258
734
961
215
713
415
212
839
485
352
857
152
523
285
991
143
391
772
866
46
319
84
607
521
981
65
710
771
946
824
974
204
558
288
420
623
703
984
463
540
337
672
693
212
957
684
355
700
809
222
746
480
658
706
2
639
123
64
411
70
240
737
274
798
25
46
774
728
31
589
269
368
261
314
580
570
350
287
623
159
861
721
992
519
779
346
159
903
410
922
325
650
659
951
800
685
998
574
765
381
163
386
749
776
700
681
699
51
320
674
562
182
395
554
701
175
900
212
430
662
486
755
312
146
58
465
183
56
39
300
437
555
687
538
683
387
571
382
438
892
56
353
74
804
907
127
331
160
340
761
822
826
868
487
324
926
952
859
335
991
160
124
898
847
15
582
586
586
316
377
830
725
730
256
529
637
384
212
149
76
973
972
254
193
459
931
471
763
142
806
106
302
283
5
501
298
939
88
236
255
465
67
332
195
323
861
184
59
73
334
487
398
658
94
943
469
25
415
232
167
221
690
822
504
695
675
154
986
115
391
594
932
458
926
479
133
788
664
545
213
350
32
964
360
126
259
829
503
674
413
23
248
103
197
104
151
872
259
137
340
650
731
272
460
658
752
593
798
768
138
363
470
523
679
830
1
939
11
505
965
776
880
213
231
77
318
382
301
577
872
641
579
955
914
39
965
666
632
115
786
123
831
256
998
510
86
999
801
449
504
767
225
384
980
456
813
298
191
115
227
63
756
806
370
670
845
336
688
830
451
474
305
282
82
303
145
168
302
946
969
159
65
194
895
398
3
61
48
194
176
276
609
284
434
979
307
280
315
347
462
119
822
119
401
256
774
898
777
428
197
746
587
262
293
835
660
296
896
709
842
424
337
451
708
771
782
15
403
98
363
865
569
537
336
322
145
110
221
922
539
418
669
126
32
962
313
693
610
561
754
452
985
91
255
46
862
37
413
266
487
128
483
56
17
820
379
163
930
952
85
469
722
106
948
754
420
613
799
30
175
553
834
512
996
89
910
859
127
676
477
614
804
960
23
822
132
754
337
63
58
422
884
780
529
184
886
301
798
686
332
325
239
166
189
588
256
100
447
735
776
276
701
932
588
724
754
721
830
443
136
888
866
372
20
747
557
907
48
355
593
732
680
184
899
869
772
507
321
571
242
97
847
295
30
788
372
136
509
202
580
997
443
798
369
815
897
926
722
297
633
667
30
665
852
281
535
976
140
208
548
734
658
747
29
688
887
401
176
748
956
108
745
751
258
467
566
155
393
289
805
379
956
835
44
160
468
931
137
608
140
37
342
798
136
723
838
24
125
366
124
433
475
870
184
733
337
750
241
82
39
46
813
348
233
858
508
53
789
997
661
281
386
355
431
875
430
621
899
555
988
23
988
815
245
524
900
934
275
141
369
666
539
182
14
772
40
875
825
182
872
838
815
611
545
247
486
976
868
737
883
208
112
224
23
358
748
924
292
23
417
13
690
957
196
56
81
588
931
259
770
156
449
586
767
995
185
253
323
405
342
206
614
454
782
637
812
531
561
457
906
331
470
596
288
18
5
369
607
936
628
377
444
78
315
211
425
852
816
748
258
158
306
872
613
89
509
777
972
423
234
878
754
57
827
394
75
832
763
34
768
744
412
565
174
79
776
951
932
945
51
190
455
357
414
420
798
923
198
770
698
784
649
804
193
476
198
621
660
962
655
428
58
419
993
584
499
122
535
783
419
586
325
226
943
739
647
94
14
845
864
713
981
865
869
527
693
68
148
353
30
803
134
440
223
479
24
74
953
559
857
372
497
534
599
792
625
598
886
639
795
103
704
776
320
574
303
14
642
803
719
24
607
853
816
830
333
840
256
638
751
465
363
248
999
314
392
624
912
279
615
707
734
320
835
54
246
139
68
240
294
788
616
901
993
432
83
326
624
339
317
727
804
680
327
155
994
719
779
906
350
747
613
84
419
800
139
665
291
207
257
586
347
873
487
341
657
571
19
281
262
336
360
419
16
687
574
362
758
706
268
109
453
233
193
872
34
332
889
677
892
146
263
239
371
751
932
28
674
952
661
288
640
21
707
