3
252
621
445
70
317
743
692
905
719
734
458
108
529
91
115
174
441
341
693
605
675
80
860
211
735
102
982
254
110
406
575
362
379
372
433
48
116
125
954
187
212
764
295
93
856
762
267
649
104
312
254
779
744
467
342
832
569
324
86
31
82
661
746
462
385
531
510
501
656
816
688
220
581
336
313
789
98
932
438
202
244
44
334
341
863
676
173
784
353
259
816
787
272
562
249
657
93
112
511
101
928
551
674
861
887
987
650
986
272
440
540
868
837
226
209
700
903
382
485
608
993
301
395
617
215
997
627
660
461
490
761
741
41
787
603
281
127
605
619
399
46
159
619
235
386
829
935
641
563
420
601
909
73
348
526
288
345
505
948
158
995
62
900
37
201
503
670
328
460
289
727
506
448
699
741
186
528
29
179
443
449
780
352
523
129
231
163
826
736
464
985
732
878
885
121
79
740
791
408
200
80
487
59
880
186
152
419
66
181
598
510
983
731
862
506
212
445
21
390
182
485
375
266
363
612
739
443
704
882
203
905
962
690
316
194
877
468
965
295
2
564
805
985
647
20
843
211
465
864
601
999
350
977
265
65
941
356
508
646
238
63
903
552
754
219
747
983
39
712
278
41
628
436
26
627
456
869
838
273
86
440
273
436
769
890
853
710
247
714
708
485
777
611
390
531
182
137
514
222
201
145
263
182
581
642
809
389
863
648
662
949
440
287
737
209
530
591
271
129
305
980
966
434
591
356
966
774
845
832
348
47
977
963
229
910
957
390
299
821
38
314
122
478
953
860
39
483
803
311
612
460
291
931
894
234
287
212
360
133
45
708
180
374
672
761
285
629
151
936
802
542
250
925
372
556
137
412
39
292
723
4
752
366
935
998
600
574
211
961
707
608
21
239
334
693
352
971
675
856
908
829
398
510
106
122
66
243
534
458
887
609
814
639
975
101
990
576
675
201
889
735
161
910
326
495
956
31
467
631
887
727
460
637
237
919
759
656
162
294
114
402
255
280
41
231
381
383
159
408
936
48
143
97
958
822
945
914
853
412
897
92
139
710
729
728
629
488
384
143
134
850
545
390
130
939
973
863
322
132
272
611
180
767
708
490
589
653
757
794
417
654
886
556
364
615
285
345
456
21
489
942
872
386
332
354
325
657
218
0
789
490
611
321
257
319
812
199
325
569
993
742
575
880
651
292
847
288
637
303
309
478
246
181
865
930
536
190
588
754
542
729
596
153
51
853
825
215
52
150
784
46
244
711
278
895
3
125
535
641
781
845
471
379
26
336
661
914
879
249
20
421
331
616
927
382
822
752
949
874
254
733
272
850
796
902
98
800
28
633
441
161
478
912
540
857
601
201
123
480
803
144
253
134
112
180
868
934
284
817
161
890
902
433
741
698
336
839
850
716
824
643
229
303
908
769
512
509
322
635
341
477
131
946
963
244
127
183
530
763
0
691
654
254
477
747
305
165
586
155
881
762
799
110
65
707
231
577
568
905
565
909
383
696
855
346
292
334
530
823
98
882
866
104
489
343
851
146
508
789
301
741
551
452
851
969
511
434
898
79
340
463
988
723
512
196
421
804
882
303
979
332
186
846
436
27
189
639
173
50
780
826
791
332
279
643
653
790
429
551
222
769
367
562
492
879
758
266
35
641
569
367
973
755
213
762
134
754
401
307
804
182
134
596
866
765
591
519
907
20
422
129
790
789
692
634
20
802
900
56
795
822
775
769
929
988
883
64
94
636
371
899
818
857
847
36
974
790
907
882
810
330
363
952
119
55
939
492
210
191
900
5
13
675
126
943
663
9
359
757
646
82
8
816
940
207
853
266
997
760
148
160
442
864
112
914
271
403
406
481
947
306
487
960
981
613
255
996
975
614
105
621
697
466
437
989
673
642
255
671
755
756
831
197
620
295
463
243
699
869
725
998
527
564
310
508
177
566
856
504
532
962
125
581
428
915
922
453
557
530
124
312
286
955
862
258
603
325
501
654
547
578
652
74
142
962
935
672
528
143
176
413
457
302
346
885
217
269
339
126
799
815
791
437
123
5
47
726
682
900
380
229
479
32
656
621
994
943
645
875
86
822
640
544
476
986
781
45
255
472
171
54
288
314
843
411
319
890
489
2
791
869
583
270
253
591
243
599
534
889
826
621
711
466
517
539
805
298
584
60
123
107
467
411
422
310
174
93
201
15
95
344
236
31
614
489
622
209
440
157
98
267
130
161
85
999
52
890
649
636
951
772
744
770
535
166
432
61
259
985
76
