1
9
60
634
371
818
340
992
279
145
577
473
17
963
157
906
641
49
404
904
641
775
7
573
155
33
877
816
322
870
189
381
879
601
15
602
771
707
594
51
852
172
876
869
135
33
127
128
435
883
33
76
10
40
1
165
74
231
333
748
101
522
129
980
123
145
582
247
852
529
298
57
701
174
926
188
207
406
317
642
641
702
70
652
94
424
817
168
655
151
268
756
25
398
88
501
895
22
748
99
551
46
156
604
572
435
145
131
193
814
126
834
516
196
486
610
620
304
131
627
455
399
383
480
149
823
333
44
846
81
496
749
127
652
354
51
439
851
183
632
665
309
467
533
857
953
495
478
609
978
105
416
730
841
249
879
16
582
276
862
664
772
964
143
776
670
195
216
521
730
848
538
39
667
71
896
973
566
726
582
897
184
999
627
25
600
506
41
182
134
256
846
258
220
342
35
890
537
251
763
619
451
301
658
471
372
906
444
290
633
378
187
169
729
166
546
329
25
939
512
159
195
710
418
767
404
805
9
293
408
772
912
211
73
570
682
797
829
478
440
814
857
979
983
938
146
529
268
171
468
132
682
16
194
452
135
599
257
145
892
665
269
805
877
695
727
911
844
556
390
284
722
599
264
705
537
762
586
157
285
407
289
967
775
836
772
910
435
29
407
679
47
29
484
276
724
564
539
568
472
929
853
195
880
469
252
770
583
191
927
868
598
569
187
725
405
959
987
192
341
395
871
388
424
708
16
500
272
555
68
96
837
273
291
69
94
896
839
677
87
767
545
37
336
733
762
93
44
101
637
385
496
508
125
272
568
493
124
192
49
193
289
238
818
932
307
913
828
147
590
267
266
136
304
954
221
418
47
265
520
684
3
368
544
128
993
113
622
117
657
23
662
946
261
481
879
920
394
707
419
984
975
685
472
631
639
45
402
38
311
922
74
666
642
971
794
635
436
768
105
93
791
767
392
52
248
271
325
994
330
744
979
657
430
803
289
421
849
691
812
512
965
238
178
607
209
324
595
997
93
700
91
884
819
835
289
68
106
614
62
788
710
393
446
492
549
87
914
398
130
78
262
95
316
792
54
878
116
1
875
561
53
318
446
873
153
87
941
611
53
355
400
763
749
198
256
650
285
522
48
415
600
662
862
268
806
268
146
274
270
374
836
323
44
634
196
550
721
489
513
774
845
913
537
946
463
145
596
748
667
996
515
619
10
377
888
816
646
386
90
268
112
926
591
509
560
140
411
633
629
924
407
474
190
297
772
653
794
368
402
462
364
269
433
374
647
673
542
645
412
633
913
524
911
856
385
824
996
796
457
978
721
865
452
911
514
225
564
308
945
318
122
662
588
556
388
587
229
931
584
641
564
849
518
827
57
903
651
54
52
109
32
773
326
836
36
840
413
952
500
711
271
623
373
211
179
761
150
760
692
734
754
608
935
624
436
992
527
87
46
931
196
430
704
522
619
740
714
384
693
215
95
316
838
468
879
369
582
29
481
274
115
235
883
50
211
671
42
91
758
441
22
307
223
727
181
842
819
248
579
864
463
674
532
653
495
411
374
77
792
855
351
907
443
586
309
654
257
704
745
368
145
768
27
720
847
208
915
666
456
494
883
271
168
415
924
663
827
298
740
619
506
444
879
949
382
540
603
640
244
701
360
741
821
387
462
668
595
377
686
404
871
569
675
391
985
952
407
812
250
499
783
756
943
14
57
326
555
13
318
151
714
678
893
535
65
707
203
12
84
889
768
307
811
444
698
796
396
105
960
998
605
743
107
900
110
164
578
17
177
896
168
243
926
61
778
343
768
333
356
204
575
476
511
386
920
562
182
668
19
142
19
976
237
126
229
347
642
807
716
820
704
885
63
982
298
194
326
419
527
34
975
454
510
487
840
431
401
22
451
772
516
470
749
106
948
330
453
591
137
522
411
193
407
826
176
57
372
854
476
252
888
452
706
398
291
547
181
44
921
633
816
790
455
917
896
404
247
701
995
737
223
758
930
982
936
458
40
309
312
516
913
200
320
619
951
963
518
132
7
792
117
176
582
573
445
830
329
45
531
324
782
107
434
64
89
370
875
129
31
187
998
944
740
670
916
43
634
434
527
993
226
645
521
160
570
967
990
899
12
874
575
146
333
361
210
422
83
437
904
115
977
254
411
69
276
327
112
910
762
639
256
340
636
777
853
206
96
195
457
108
421
384
606
754
745
169
529
829
606
433
296
583
39
707
652
315
35
764
578
149
404
186
841
392
315
46
599
412
594
408
