1
872
15
793
479
770
890
648
651
719
254
436
367
838
475
75
842
142
462
607
720
963
363
258
156
755
574
203
706
986
797
115
210
164
260
689
286
150
689
937
222
296
725
589
486
200
16
328
695
478
287
767
793
2
26
950
758
600
505
816
938
654
931
148
170
191
190
457
694
231
746
916
527
472
505
365
24
522
694
719
352
333
487
146
336
513
448
94
465
305
262
755
959
194
903
481
737
445
938
431
677
37
347
556
509
205
922
533
727
968
253
431
301
92
577
637
957
25
83
422
682
346
177
993
892
432
475
981
230
765
413
259
802
112
815
311
317
89
197
396
409
802
828
63
894
757
52
203
135
488
625
817
186
154
811
78
938
286
59
168
51
824
427
854
289
595
517
606
36
714
355
446
516
183
509
762
292
913
965
427
401
942
245
587
448
56
17
387
694
77
907
97
253
687
303
542
282
821
501
670
887
856
468
756
391
329
870
683
243
836
463
644
778
708
232
579
116
249
318
162
678
225
259
284
912
915
826
546
88
679
569
975
535
37
83
278
367
954
314
610
790
777
254
920
837
838
851
953
440
169
467
470
395
726
754
659
641
933
558
81
612
127
57
500
164
492
130
531
446
796
141
588
573
748
509
762
938
712
715
378
882
182
201
277
261
955
288
254
240
846
336
205
973
745
705
138
237
187
21
684
984
163
624
909
263
485
672
201
198
387
932
80
922
133
709
535
440
997
141
681
844
477
238
817
574
943
307
164
482
329
848
466
844
472
376
107
310
48
660
508
787
592
588
61
725
297
948
166
294
90
199
490
919
437
660
494
732
967
658
214
648
858
33
844
682
761
303
992
809
964
500
948
556
440
362
282
89
310
800
384
400
351
874
320
788
886
166
872
206
176
438
854
386
823
51
68
584
354
413
745
318
265
694
875
58
408
509
147
718
661
531
119
12
758
791
152
644
309
376
850
837
166
57
223
990
108
643
574
814
408
672
133
674
718
360
732
126
221
231
844
882
763
315
246
873
106
750
869
767
126
72
604
292
481
179
282
941
823
209
755
231
881
240
257
599
952
989
725
173
221
569
407
336
237
5
561
343
755
782
463
233
854
419
878
687
599
160
628
422
721
384
653
954
976
911
553
929
252
630
454
825
552
214
513
789
571
74
484
327
857
299
912
63
719
790
751
318
303
379
740
24
115
745
979
444
8
884
725
613
867
531
438
771
745
952
560
317
378
396
996
587
696
260
3
767
51
106
85
354
837
177
730
953
274
61
749
283
298
474
896
165
5
686
288
103
990
200
772
721
596
120
660
644
380
663
763
431
769
848
137
607
377
868
912
652
281
13
287
579
487
535
96
844
573
384
947
916
936
71
637
533
191
297
529
572
313
293
3
82
493
493
41
223
713
305
875
994
318
514
926
157
401
22
2
974
759
301
890
695
373
879
580
564
177
462
488
842
755
844
924
600
337
318
823
50
623
50
396
294
916
322
451
317
697
453
644
808
107
886
855
832
766
436
396
295
250
237
137
5
81
413
957
418
83
781
820
707
183
216
353
100
891
804
417
588
610
413
748
717
300
603
549
66
391
297
713
641
534
202
998
615
615
956
385
699
89
557
758
272
774
463
372
17
267
142
957
877
555
705
946
855
660
847
273
52
145
338
693
31
540
692
999
508
648
736
559
89
294
669
361
420
132
86
437
399
228
746
629
783
451
575
991
111
775
616
515
272
955
209
303
495
253
654
355
253
391
914
342
685
583
703
105
715
789
894
467
17
640
96
153
443
23
496
906
150
112
422
422
67
631
78
915
884
732
622
137
123
537
831
160
472
534
617
188
676
511
7
45
503
455
550
946
830
46
205
981
159
627
755
578
610
833
845
846
566
468
335
41
5
166
202
477
52
819
17
728
683
376
126
186
831
676
485
14
723
690
995
882
317
102
812
927
936
658
125
502
126
460
543
483
626
97
312
30
917
330
759
600
58
237
138
890
913
623
256
636
313
603
870
982
705
35
261
641
693
386
495
171
846
391
654
824
488
966
855
757
648
966
709
707
203
848
949
116
823
205
105
137
808
327
471
513
362
733
507
407
471
2
578
670
393
232
494
234
551
701
991
199
19
701
906
222
901
855
691
724
412
148
213
220
827
685
86
542
770
593
949
241
947
880
263
693
464
758
927
15
811
270
567
831
971
473
405
224
681
448
949
93
596
162
314
776
199
752
318
321
697
619
915
644
851
178
337
316
288
616
683
100
887
250
283
858
724
688
435
757
137
384
850
85
898
