1
516
861
98
268
531
771
965
151
686
962
2
865
299
670
153
916
354
605
803
604
888
13
680
929
448
789
418
184
640
855
83
508
69
533
129
600
304
446
103
991
408
106
208
60
128
361
328
482
319
131
439
207
496
471
488
297
261
258
481
253
466
916
761
535
449
890
135
106
689
239
97
97
697
305
509
825
18
837
660
337
320
451
897
169
922
737
466
183
996
299
788
814
568
550
349
17
792
836
475
481
427
572
931
124
229
792
302
600
630
314
289
302
765
186
471
39
276
289
575
624
589
363
438
157
913
787
526
58
623
2
891
51
926
174
527
508
967
181
108
949
847
749
251
964
936
723
4
564
12
579
188
953
942
626
462
208
413
989
618
388
343
861
791
269
36
319
129
355
852
589
304
700
339
907
664
627
630
20
191
995
599
379
300
894
5
763
454
770
752
72
158
95
933
302
716
321
621
846
28
825
435
684
877
774
592
542
401
574
914
944
569
514
323
870
760
680
985
214
450
737
638
961
184
923
263
900
597
236
746
625
413
534
310
291
308
902
185
62
828
99
6
750
613
682
620
725
362
605
939
165
694
929
478
878
853
93
130
450
681
229
427
94
763
737
385
423
991
570
837
820
670
196
570
635
878
542
361
592
499
652
109
545
582
587
423
787
32
905
589
713
134
368
808
249
106
545
25
449
116
862
621
138
410
191
773
288
85
486
233
584
491
342
481
425
282
256
212
314
162
153
28
648
521
188
898
979
733
923
429
849
137
50
339
548
594
465
188
679
951
421
616
794
116
97
219
398
354
431
712
868
936
92
516
458
280
766
789
14
41
218
215
179
621
555
79
567
372
267
598
675
41
566
470
157
16
689
907
370
473
619
590
409
64
458
219
696
225
9
710
266
579
278
797
552
185
876
119
557
144
70
232
185
636
54
694
652
744
601
374
217
572
964
978
636
423
550
333
648
911
395
266
842
25
64
395
562
940
866
471
436
936
56
973
573
110
667
577
854
620
952
423
193
268
402
181
691
304
866
691
215
614
310
57
991
374
452
554
666
671
25
103
959
81
76
884
544
96
462
398
716
414
822
261
682
576
443
726
880
661
769
447
275
79
504
267
805
309
173
472
980
550
575
939
632
3
824
528
451
638
926
168
52
100
781
86
28
224
812
260
238
934
707
513
13
564
132
819
873
305
291
205
208
218
496
840
573
672
720
25
310
646
545
714
99
326
801
127
903
965
740
141
899
447
6
265
11
139
436
236
796
727
441
4
297
938
196
870
610
916
247
921
915
792
635
14
471
788
493
374
754
233
515
5
33
521
622
396
12
58
985
809
785
426
165
434
716
362
657
327
630
256
600
545
49
587
911
520
376
757
894
482
342
761
839
727
282
462
124
295
520
109
456
658
887
621
444
604
335
101
283
966
358
235
863
759
822
127
631
550
884
877
384
226
638
224
954
920
686
430
567
558
891
23
568
130
645
13
734
332
114
369
298
824
604
514
583
427
641
566
329
877
443
714
103
81
938
409
354
976
191
921
886
82
945
455
565
942
468
299
626
934
21
925
759
625
791
694
404
784
261
734
661
56
448
116
138
738
878
492
714
69
765
600
504
62
55
69
4
875
720
983
810
741
260
921
367
51
967
123
835
580
857
848
637
305
964
775
43
842
619
109
912
384
62
768
447
469
837
803
345
557
786
507
651
46
428
370
97
395
493
284
976
351
132
613
8
97
740
404
291
359
513
203
743
575
971
190
45
160
994
742
70
780
249
721
827
677
91
924
424
936
561
752
287
693
365
648
142
105
52
434
464
917
989
560
845
961
750
242
473
744
984
543
525
585
616
704
614
59
980
38
996
541
791
635
587
508
283
729
966
687
163
430
605
153
342
450
466
93
692
291
189
28
835
714
613
451
770
227
511
751
617
859
644
760
494
231
269
778
961
235
465
476
17
422
981
360
224
447
453
268
91
642
296
926
709
261
729
831
840
592
582
458
451
579
218
946
810
839
76
123
74
893
600
444
316
581
804
540
381
609
809
472
603
457
750
664
719
831
496
559
424
430
369
227
9
588
173
820
779
601
943
854
495
895
298
163
829
454
55
562
63
216
386
18
674
488
683
745
319
179
656
95
609
26
323
619
966
848
791
745
450
86
951
297
982
601
460
163
55
515
725
470
84
111
489
110
599
172
855
270
351
863
366
312
889
689
283
207
537
74
305
339
161
256
636
495
858
96
658
265
964
383
736
400
846
225
510
797
397
717
67
100
580
433
412
822
474
696
29
