1
12
122
686
351
283
943
340
130
153
436
788
418
752
171
154
152
369
731
662
166
128
379
234
580
312
19
345
134
494
41
515
858
515
202
561
151
497
901
281
650
690
70
420
442
593
927
947
963
658
961
129
139
693
715
719
5
87
64
491
933
457
6
791
325
208
704
476
705
606
757
707
648
179
128
90
773
407
389
736
65
351
217
556
396
285
628
401
724
692
892
657
502
250
800
827
459
504
655
516
462
412
576
110
592
56
553
717
463
942
805
880
645
374
437
41
659
65
794
735
109
38
392
963
289
544
790
100
49
445
616
511
210
544
622
154
600
175
871
63
469
676
944
115
402
733
508
414
150
303
149
259
341
894
223
630
438
365
730
487
163
699
351
725
243
325
879
844
500
102
259
321
130
555
436
532
288
945
946
790
600
96
50
941
342
625
572
780
342
302
268
505
353
619
582
597
296
461
793
796
915
52
469
45
608
258
930
248
203
876
39
803
324
89
96
666
66
668
799
408
323
67
266
676
38
848
625
334
662
418
482
577
471
951
975
431
209
905
679
764
133
718
919
810
159
16
828
225
36
627
986
359
46
604
388
436
804
365
770
466
784
604
396
607
908
723
38
469
980
717
586
465
436
505
275
947
873
456
173
262
83
511
973
482
115
361
918
271
79
41
90
863
645
838
470
905
561
860
375
893
577
961
358
365
818
986
313
44
442
838
306
877
349
279
359
816
993
278
87
72
671
177
287
316
15
109
222
928
969
949
821
898
262
180
264
80
518
929
476
960
767
134
189
468
766
901
636
759
531
723
183
202
253
470
518
620
931
92
901
900
41
722
798
303
254
414
736
772
343
564
84
462
699
274
930
465
175
566
576
706
642
759
908
247
581
778
867
512
871
120
764
264
843
914
568
449
329
656
222
24
220
658
839
271
932
121
736
459
688
664
165
682
423
425
929
356
204
148
868
427
269
984
691
464
899
611
913
580
267
487
956
840
146
795
111
430
917
200
890
957
864
407
991
640
833
272
996
389
772
217
816
393
201
507
857
100
471
123
32
738
962
989
930
108
784
394
539
53
946
781
362
810
188
353
802
21
625
799
762
398
368
578
791
569
438
1
22
909
476
54
999
438
395
282
547
532
676
438
585
622
219
948
784
759
653
587
133
631
738
895
381
106
826
172
27
264
525
49
525
1
456
524
440
851
806
339
383
834
777
321
808
348
621
593
459
274
532
592
905
622
840
286
80
666
811
459
282
688
509
807
690
317
683
130
168
842
821
904
676
950
225
837
650
846
782
109
120
666
702
378
288
894
16
720
560
827
179
842
516
40
1
558
709
684
40
878
526
861
134
555
811
359
392
461
205
174
922
677
192
624
55
480
870
424
552
430
603
83
624
119
124
625
29
833
310
69
63
188
282
197
743
93
908
487
906
113
13
829
143
205
805
550
37
676
974
589
458
578
25
83
49
149
708
79
334
18
500
750
207
783
299
302
228
208
142
135
673
155
316
816
713
473
367
750
149
693
692
960
271
717
43
673
218
751
752
904
122
604
6
681
387
306
983
616
866
125
103
539
633
771
356
346
244
75
448
746
768
140
706
392
209
749
65
779
852
817
684
974
773
690
655
161
348
991
129
214
468
584
754
101
355
462
799
951
889
248
697
657
740
755
49
950
856
114
729
61
283
765
35
57
808
43
570
156
386
51
723
854
635
829
308
342
291
107
293
180
355
343
189
448
450
591
398
307
705
479
368
341
245
755
750
53
150
672
561
536
723
284
391
710
113
699
404
756
158
49
288
866
744
830
314
195
421
712
854
478
543
222
819
788
329
921
193
480
593
107
16
668
743
759
730
857
810
486
965
969
536
254
835
280
84
501
827
857
213
681
335
108
903
507
897
585
428
442
65
374
901
81
394
645
193
125
502
3
611
819
324
499
425
159
132
861
12
959
718
225
993
54
686
248
561
583
833
341
377
898
715
279
332
110
924
525
587
778
880
198
949
205
50
375
716
534
236
729
493
955
306
838
361
992
87
274
927
920
615
657
171
331
936
503
441
212
380
28
342
260
578
291
817
980
666
534
514
255
615
360
562
921
198
923
266
285
197
193
558
812
850
729
495
138
232
936
702
964
316
44
576
247
688
394
227
354
280
94
961
895
454
523
168
652
798
434
290
995
628
848
160
830
577
655
321
161
944
23
125
612
420
701
859
108
447
439
814
727
533
776
622
987
299
791
991
98
577
281
445
557
481
605
388
410
613
61
571
557
84
48
169
504
102
381
612
