1
549
820
427
629
353
555
251
692
854
394
683
952
324
317
750
881
798
355
621
561
320
682
132
877
767
533
399
623
635
132
588
536
952
367
165
305
922
769
349
776
515
32
81
839
701
183
73
852
538
694
413
211
377
545
440
496
430
839
471
417
323
59
954
275
778
471
932
700
592
281
829
108
666
262
299
367
445
372
219
335
419
632
546
148
530
987
644
960
178
467
378
502
527
684
129
657
507
62
358
100
343
539
560
9
153
211
729
950
936
948
285
355
581
184
503
111
171
499
423
701
966
153
555
845
837
685
855
345
747
565
797
442
104
709
804
609
920
533
559
856
833
844
563
414
28
418
877
551
917
301
605
236
454
160
433
644
845
288
341
944
853
138
739
309
847
543
918
119
428
477
976
261
322
891
676
702
310
905
606
579
558
211
815
365
723
601
9
921
889
350
865
743
840
604
52
39
499
971
158
927
800
486
541
122
730
217
177
40
474
783
619
33
346
787
398
421
388
759
342
629
461
560
724
653
516
129
692
16
452
202
295
252
41
836
375
771
405
904
811
880
39
782
265
385
921
15
158
661
774
501
643
235
413
367
888
929
496
932
945
948
134
593
201
175
429
928
298
835
832
461
67
871
596
332
608
517
347
766
531
473
619
174
708
32
541
948
962
390
880
259
338
366
852
891
894
634
819
192
821
3
6
888
226
602
572
834
119
271
953
2
744
924
176
804
309
70
104
623
460
336
234
150
702
439
42
948
73
213
493
894
217
499
134
443
101
706
630
572
329
935
575
73
211
103
229
520
173
333
495
985
669
730
136
723
169
530
24
242
743
517
488
312
368
622
756
469
680
738
393
9
25
968
434
236
424
663
109
597
348
604
583
369
334
71
444
503
601
468
97
344
337
585
657
705
559
765
526
239
855
920
600
880
240
34
116
664
49
577
614
397
182
549
118
516
620
563
372
573
31
469
269
721
407
278
426
966
43
305
206
898
577
806
130
817
193
599
834
594
176
800
344
358
349
462
227
321
25
599
894
409
420
163
130
827
442
908
794
837
213
352
88
142
510
218
312
55
817
146
650
346
298
994
704
999
456
283
320
834
234
566
243
655
729
725
834
523
985
628
713
551
332
801
693
843
371
5
898
541
503
548
887
801
894
943
800
351
579
472
185
813
38
780
468
120
857
303
643
842
283
708
393
616
509
87
811
233
92
61
774
948
962
13
749
856
956
902
559
535
374
96
701
765
876
521
885
733
176
880
576
460
589
321
428
450
408
591
683
853
652
457
801
966
822
902
823
779
804
382
666
531
479
719
648
707
241
533
793
417
413
721
229
354
42
657
805
451
600
488
656
253
298
457
219
120
711
394
251
868
129
270
751
960
989
399
667
230
932
812
648
697
533
229
404
576
887
209
379
487
49
387
92
699
844
664
820
907
410
423
775
539
693
526
499
683
925
519
265
209
331
265
259
217
495
663
145
734
872
524
573
273
911
666
973
107
682
793
366
92
216
142
984
262
668
835
297
946
354
914
155
38
180
766
255
27
429
400
761
653
276
334
927
539
352
900
998
386
45
364
831
613
506
815
875
527
650
524
825
357
439
332
395
619
99
2
998
528
754
759
182
382
445
109
921
150
361
271
888
406
635
719
371
494
534
599
373
537
123
198
894
562
882
641
533
981
643
531
862
749
642
44
131
440
505
52
590
218
675
830
976
310
550
347
156
436
946
529
973
422
79
219
336
962
860
870
295
503
753
157
252
396
553
383
836
410
787
778
628
462
608
604
125
510
304
633
947
602
515
272
24
594
492
361
908
352
583
556
208
336
713
812
84
619
548
272
29
335
402
658
150
363
614
627
873
918
612
172
873
127
445
897
74
937
610
982
289
545
890
849
882
604
662
318
223
210
591
604
897
993
262
399
356
229
378
582
499
991
754
372
118
199
622
192
488
584
527
130
130
417
979
12
373
641
330
948
851
273
553
101
619
167
500
975
396
879
909
896
870
664
620
988
215
242
533
704
827
60
834
957
477
813
321
203
455
3
151
658
629
704
759
248
872
260
575
620
491
485
868
361
149
489
701
364
83
234
420
910
646
254
219
476
68
892
679
875
896
830
885
525
887
645
125
111
257
700
731
100
185
600
813
686
441
514
403
524
101
823
435
747
78
6
223
498
899
254
725
147
437
962
24
324
959
149
435
216
849
518
668
387
470
481
73
911
996
476
436
449
652
223
196
730
229
772
580
480
26
657
627
815
619
3
139
579
504
926
147
706
445
816
93
915
