1
297
166
179
645
995
615
94
647
838
643
729
419
415
661
900
793
318
879
609
289
235
100
868
739
27
368
445
824
536
538
91
185
57
270
831
52
885
277
51
75
920
780
495
687
441
747
833
111
978
794
752
213
894
973
953
273
341
398
449
877
289
541
62
698
811
245
750
49
523
153
124
795
933
971
835
726
718
668
189
697
814
941
262
60
914
215
686
607
966
135
484
607
676
899
305
840
496
407
889
19
560
365
167
845
337
2
571
407
22
112
456
188
53
719
248
320
286
934
927
252
70
764
211
98
663
516
938
511
923
179
531
835
545
50
680
234
404
603
641
426
715
98
614
769
169
214
441
455
149
368
60
571
132
271
669
147
140
960
659
415
139
542
251
36
944
931
270
348
887
264
126
602
714
92
723
883
306
164
338
807
885
398
378
369
22
400
517
162
360
528
577
851
422
180
240
366
464
862
66
351
126
192
953
840
636
29
75
294
193
414
102
430
164
832
800
538
584
669
700
296
197
630
148
971
162
740
337
626
602
403
329
729
947
283
921
583
664
997
229
857
763
331
288
279
516
440
170
100
109
870
397
658
852
897
629
15
637
966
993
239
721
323
320
20
958
594
955
622
943
184
831
58
868
471
337
384
911
859
484
20
730
233
678
934
130
659
301
119
625
647
711
698
322
383
70
280
977
25
254
272
210
85
330
78
909
20
814
820
879
650
193
961
884
223
896
366
883
549
486
860
548
549
911
870
932
981
150
262
359
404
534
569
842
865
999
751
237
165
923
116
815
468
78
699
44
326
66
279
227
904
491
776
453
402
646
737
736
797
999
95
553
886
16
747
103
367
850
340
532
126
456
347
594
886
399
990
212
817
269
792
721
113
568
526
867
214
615
603
363
967
50
269
853
418
16
956
785
219
296
669
345
752
17
939
639
768
282
203
585
903
995
306
16
915
184
884
130
799
839
845
766
890
114
619
308
483
927
446
702
223
115
399
328
484
690
319
252
972
874
837
876
222
495
892
137
31
776
267
831
968
465
949
858
931
921
518
766
848
964
820
424
432
219
752
268
910
423
521
882
297
710
110
519
558
3
657
589
131
276
772
99
93
722
309
25
643
180
791
491
144
964
267
928
183
19
197
93
794
70
328
92
132
790
963
690
793
620
632
277
249
404
728
342
478
390
719
121
570
511
965
66
827
232
995
10
604
544
456
398
614
136
842
746
926
806
789
72
778
421
349
379
177
429
722
656
171
441
129
741
304
94
160
131
679
155
494
283
51
950
33
665
86
876
763
12
34
904
84
812
677
785
192
855
567
266
511
738
59
992
832
716
87
992
199
118
499
693
753
550
995
786
567
81
14
682
446
48
587
530
213
264
668
757
471
587
23
334
325
82
327
509
150
766
853
350
884
352
43
637
254
39
775
173
472
790
208
918
190
795
801
403
411
821
512
235
408
535
569
85
970
248
595
120
14
448
470
250
153
866
239
759
257
15
933
729
157
493
0
699
640
153
455
51
974
967
638
382
503
208
467
825
808
414
945
823
215
768
73
368
986
313
127
243
680
412
324
189
905
324
888
897
477
343
949
803
311
939
185
166
147
5
991
956
771
288
131
986
56
556
354
42
221
834
637
253
598
962
442
856
638
331
753
116
26
54
919
337
994
457
855
493
814
846
801
585
487
932
572
895
841
278
290
62
464
927
316
63
889
758
271
528
441
376
996
468
431
267
157
777
76
365
270
890
563
424
476
50
708
400
946
549
30
236
964
495
163
280
910
405
390
533
285
184
909
633
4
692
900
513
469
977
878
92
219
442
516
47
492
224
447
790
126
830
26
90
325
542
722
587
299
464
120
584
648
381
569
652
74
469
166
543
798
396
635
18
838
151
417
683
728
217
473
854
47
852
944
724
746
666
311
45
130
783
981
131
164
550
135
238
371
653
134
522
50
769
892
888
273
309
923
1
526
749
207
925
601
503
649
347
169
312
744
651
447
725
134
964
627
270
554
350
923
688
872
973
810
764
214
83
426
489
436
304
238
643
230
839
146
231
538
667
896
634
670
343
711
805
307
338
427
862
41
350
550
265
676
712
382
890
795
808
379
583
112
618
578
694
809
76
926
700
95
822
334
766
517
398
923
825
88
350
39
129
700
941
395
376
654
777
618
801
937
350
385
401
320
963
96
481
40
374
533
487
548
220
253
65
618
176
242
706
878
633
188
931
575
583
659
581
712
630
382
649
980
119
402
652
83
498
133
475
224
667
962
124
887
568
190
857
96
