1
784
563
975
418
751
258
345
686
917
926
750
547
660
751
527
780
154
531
215
4
665
690
229
684
4
353
571
924
895
428
21
32
343
348
802
447
606
147
485
523
425
236
423
437
987
302
217
493
834
432
498
499
474
79
535
831
784
106
755
32
886
776
64
581
476
218
28
82
717
866
958
142
102
381
931
441
35
149
935
869
581
433
720
408
864
255
239
648
713
994
680
951
123
96
885
599
314
265
34
31
131
992
525
233
725
457
675
112
958
962
982
891
747
54
299
611
662
538
259
375
885
292
679
8
740
564
959
55
829
993
438
961
337
316
546
414
125
573
527
83
535
861
974
634
915
274
245
577
164
857
305
401
149
336
761
889
900
721
296
81
66
87
394
756
403
941
170
880
866
697
963
754
910
937
388
826
563
634
755
80
491
412
481
992
748
595
233
0
668
882
434
734
969
828
490
724
121
13
604
340
62
919
94
973
856
482
151
772
468
906
204
311
671
37
303
771
632
889
772
300
771
558
387
92
386
877
168
860
242
772
200
305
691
294
278
899
128
429
23
597
687
227
260
358
265
564
130
249
805
254
550
928
812
937
20
550
166
540
410
409
312
962
66
355
256
344
606
737
125
630
686
164
209
946
875
826
510
357
76
667
611
626
595
775
915
967
677
433
507
440
842
171
402
260
878
11
956
485
748
81
467
434
598
676
380
473
503
243
830
579
262
793
557
858
920
472
177
597
257
685
37
452
208
440
712
87
451
669
572
551
102
391
985
700
67
717
173
570
960
355
501
575
148
410
433
68
882
962
18
492
647
55
944
208
847
656
295
650
325
219
201
428
610
538
480
29
256
6
952
568
361
453
143
862
864
928
282
98
891
300
590
890
708
886
98
555
543
745
206
220
316
407
0
926
298
481
308
554
487
260
474
848
65
618
62
281
898
345
732
789
645
674
680
705
561
130
261
456
876
819
676
192
578
677
471
876
158
779
430
997
391
257
197
456
875
260
90
773
605
822
915
602
496
947
308
409
77
921
865
953
740
542
498
318
571
969
195
81
100
977
78
843
234
275
299
461
535
741
587
492
563
854
95
412
801
755
173
878
676
39
184
768
933
682
438
504
3
985
585
455
963
663
298
549
290
949
363
178
691
302
670
606
156
117
370
957
872
544
835
900
583
371
20
868
53
459
372
408
444
309
215
759
324
513
309
614
463
24
144
506
326
815
464
482
932
835
439
157
379
626
409
314
350
782
182
755
241
906
164
37
567
379
797
891
245
458
857
60
482
2
566
160
817
30
642
101
217
433
610
596
411
372
262
761
154
444
517
747
702
33
784
269
412
933
512
9
743
370
69
225
724
987
385
893
370
379
346
587
164
957
536
576
681
798
337
835
595
206
934
297
239
70
919
4
4
431
13
747
153
83
325
877
422
62
770
792
794
117
732
958
426
268
534
107
66
224
294
661
430
580
959
22
650
230
26
6
661
39
754
167
474
431
44
249
845
167
41
639
636
773
598
62
41
484
521
108
708
167
121
491
747
432
513
397
662
891
404
676
282
510
843
757
293
239
6
138
406
399
778
42
525
376
456
566
212
977
26
273
144
500
116
243
932
629
641
595
872
397
271
154
259
114
263
552
705
269
690
112
21
820
506
546
548
315
464
761
292
843
34
789
343
150
32
275
131
25
870
3
774
493
509
33
959
773
585
665
394
628
777
415
448
635
313
997
950
778
758
595
973
144
736
316
294
120
943
777
146
814
780
920
659
641
306
619
414
891
284
809
871
413
224
320
48
890
317
999
668
427
946
993
571
682
309
865
802
252
642
300
418
774
573
78
415
879
49
182
122
333
991
994
746
567
314
146
457
983
497
477
410
443
470
981
125
131
198
280
736
192
580
506
318
505
936
85
384
985
267
859
318
610
853
416
178
519
563
987
854
60
817
264
856
287
597
981
771
795
613
507
339
546
13
657
51
950
94
436
287
362
295
958
324
500
374
502
371
289
842
225
702
659
841
558
946
438
891
69
585
505
576
276
51
942
933
102
244
379
890
531
741
537
489
66
37
216
920
760
505
762
985
207
421
178
765
720
968
657
789
553
514
718
829
917
12
114
19
256
494
910
139
587
799
629
5
189
845
278
949
702
392
287
910
166
465
27
886
434
36
27
339
902
97
521
819
109
987
839
365
833
101
505
773
252
486
778
441
683
408
391
385
801
30
647
967
495
27
205
281
63
584
973
966
682
846
785
791
185
976
509
19
429
366
792
682
204
922
123
887
683
866
624
