1
484
896
272
803
744
651
8
377
714
592
702
32
274
548
170
418
734
498
279
105
280
997
249
962
201
523
437
440
206
304
64
690
552
688
493
296
339
853
26
406
446
728
790
72
629
312
842
715
811
473
820
443
470
421
405
23
944
194
463
151
498
880
193
403
920
39
699
260
244
725
18
42
806
160
115
435
473
309
150
636
135
322
79
605
743
836
981
39
30
796
190
881
676
736
284
597
127
335
209
723
413
227
766
219
739
233
654
212
542
156
200
677
478
279
635
573
467
968
612
498
764
155
731
441
243
15
390
722
350
599
445
115
178
211
334
269
444
340
482
339
848
682
368
678
314
355
251
781
323
216
631
88
371
362
881
614
377
271
336
80
222
133
195
752
345
882
21
141
574
855
480
423
890
849
101
204
204
705
985
880
921
969
968
292
331
849
258
709
472
946
141
46
79
688
150
424
922
171
566
497
379
398
920
269
599
373
473
156
78
810
36
351
779
4
643
463
205
253
524
29
199
665
75
279
705
577
55
628
100
973
125
479
372
397
748
971
122
573
127
553
736
515
904
867
871
900
330
76
153
854
105
705
871
532
984
577
109
39
205
210
13
682
41
737
79
142
708
201
67
188
754
803
55
659
23
927
911
705
3
64
560
461
769
783
345
105
360
807
497
917
369
510
599
410
247
30
552
307
232
972
847
338
775
903
349
150
182
260
856
185
677
768
998
798
551
696
904
264
855
401
181
224
263
781
986
862
811
891
521
395
863
721
734
990
624
83
141
158
696
997
695
373
765
694
171
668
742
427
932
597
828
114
821
443
247
159
305
410
50
827
806
913
548
892
904
524
327
45
682
23
394
377
748
511
423
272
179
517
699
112
114
880
578
287
323
825
447
629
235
497
808
393
763
356
637
19
232
965
416
914
340
810
643
441
321
419
713
852
936
412
964
51
644
542
690
968
719
137
597
307
987
757
700
102
113
690
121
345
655
537
611
347
347
254
788
20
673
501
872
962
266
189
13
910
83
703
878
803
193
827
462
532
584
514
634
49
204
755
746
859
292
357
207
991
964
347
363
637
849
587
951
467
776
964
377
860
20
608
15
565
787
477
97
724
991
731
125
548
486
872
407
130
229
966
473
193
314
836
183
515
423
134
982
552
451
711
764
823
319
779
388
459
608
837
183
951
568
660
499
406
532
259
536
114
577
9
307
243
845
842
110
620
329
92
172
132
156
936
955
475
67
695
286
27
532
821
331
100
482
182
506
14
793
394
128
723
403
788
966
600
982
429
572
311
873
745
443
29
33
750
857
453
445
143
832
977
965
163
429
799
698
287
813
491
681
294
566
436
434
885
388
416
314
961
728
187
58
523
217
443
274
426
248
719
569
81
49
886
596
830
685
294
118
851
138
151
497
56
940
931
941
328
347
255
641
427
795
51
951
364
847
577
790
95
648
359
528
697
598
125
528
635
771
998
486
261
149
983
318
441
266
259
122
614
867
763
393
662
167
344
26
14
273
816
461
922
527
990
971
125
115
499
761
238
849
599
500
351
935
818
792
201
429
914
167
296
30
561
958
197
257
984
563
531
152
24
805
680
366
776
157
833
628
270
72
477
870
572
828
805
742
621
358
171
887
526
468
917
439
778
114
696
763
29
579
267
406
384
299
772
513
457
606
141
79
678
618
949
602
799
106
344
772
465
515
659
343
335
577
782
114
43
830
229
425
762
848
831
498
148
955
11
957
561
504
36
591
475
338
193
274
444
889
46
261
757
57
604
92
986
738
558
382
921
787
807
35
636
990
533
136
945
897
93
859
401
481
450
876
819
996
502
264
885
900
877
994
958
834
439
296
924
997
678
845
137
485
880
125
827
766
261
773
15
706
632
768
187
434
997
7
430
499
623
668
400
500
662
710
686
453
6
611
451
37
456
940
522
689
65
350
807
678
475
174
736
107
942
923
541
939
282
324
439
257
344
191
758
358
901
796
812
259
407
615
296
216
555
171
257
972
873
416
650
348
590
386
807
532
661
700
472
944
24
263
201
720
454
311
79
707
108
891
318
867
506
615
83
413
138
692
385
11
108
387
359
698
773
518
231
786
218
55
82
595
318
636
315
124
947
746
183
407
637
501
627
495
468
710
260
606
403
645
617
863
32
328
562
157
846
145
944
65
200
378
12
870
14
327
346
314
74
529
721
63
382
700
911
851
763
523
457
518
169
427
381
553
755
943
711
954
88
7
371
640
385
383
510
400
62
208
714
488
737
787
904
472
840
167
323
