1
603
690
132
121
859
559
502
765
667
446
828
621
886
835
992
527
572
727
389
324
789
598
390
278
687
530
534
159
370
701
834
973
391
967
94
603
878
596
368
545
394
196
518
281
383
862
160
307
589
549
632
731
499
374
361
187
904
895
346
626
596
181
951
987
500
45
942
378
994
310
276
740
506
146
373
241
9
533
549
950
435
181
681
934
907
42
121
812
289
820
790
885
353
742
225
205
139
167
583
133
830
211
226
688
710
599
930
71
485
479
21
920
12
55
206
919
449
680
83
739
852
874
976
205
616
553
410
107
73
345
593
903
909
819
591
619
770
873
690
255
352
63
527
364
118
86
636
920
766
719
11
618
945
987
175
913
893
585
21
318
282
614
221
191
433
164
162
555
38
852
811
742
268
690
459
738
776
95
658
894
166
669
864
112
9
39
25
254
976
46
572
259
12
145
450
797
309
613
353
699
817
516
442
85
558
253
176
687
348
834
581
514
856
446
978
217
837
4
471
814
402
395
73
767
540
875
564
849
840
269
901
658
785
695
95
344
948
271
31
648
458
964
162
666
762
493
883
600
849
706
766
603
101
839
370
641
66
935
842
907
556
95
565
342
790
12
38
738
636
421
386
94
737
901
760
500
394
995
452
595
701
218
198
154
409
569
147
475
856
989
382
412
85
299
106
227
664
496
318
300
917
704
746
655
957
506
507
703
853
959
298
906
177
497
60
586
418
207
413
274
548
796
38
985
447
145
213
111
641
531
411
911
587
157
918
897
15
777
600
868
736
251
774
265
100
834
851
518
393
264
144
942
412
182
927
860
679
492
971
673
23
383
584
963
892
854
860
908
631
812
128
719
63
903
984
163
89
187
33
483
803
177
777
216
360
704
428
391
549
399
64
572
134
0
887
27
854
747
287
837
560
415
556
623
670
892
139
760
79
172
595
883
702
724
451
414
780
879
805
329
278
870
254
765
870
141
144
77
889
431
266
449
198
175
424
869
67
915
981
147
440
928
382
142
652
833
908
432
712
713
762
342
583
16
459
806
157
603
235
46
386
853
847
937
28
624
806
96
891
787
595
331
715
977
825
719
162
733
151
226
447
913
920
382
929
380
540
439
335
127
837
74
981
37
11
9
661
817
457
904
956
52
236
23
381
413
742
543
147
245
121
946
159
42
680
440
774
573
879
109
700
69
183
681
106
194
43
119
363
500
23
671
905
611
46
286
25
140
182
524
386
655
470
545
697
502
337
471
75
569
581
128
638
116
161
744
663
204
863
378
57
886
50
962
498
96
600
875
237
134
399
975
790
221
520
487
75
209
311
151
778
244
631
768
360
792
512
375
349
727
754
406
966
156
720
816
252
320
691
841
807
90
816
597
663
688
436
738
250
747
241
28
991
872
149
704
17
661
79
366
741
185
124
707
341
844
523
946
516
214
139
323
656
308
920
319
996
357
409
598
456
651
979
800
523
128
504
540
141
935
258
882
121
382
589
814
226
112
760
743
678
900
66
686
208
339
357
556
48
767
155
504
770
486
304
293
614
160
186
755
96
796
638
569
179
579
383
757
44
496
500
74
748
919
761
308
610
118
864
658
237
371
514
7
857
819
653
823
979
191
579
427
987
569
348
166
148
84
924
192
580
776
267
328
47
380
988
657
850
852
315
88
576
830
447
785
1
452
609
332
643
540
112
983
461
460
149
609
544
425
154
476
554
773
156
601
505
144
611
355
349
926
795
925
108
243
62
109
47
23
794
691
915
906
674
376
366
175
338
263
953
844
91
859
969
248
460
474
392
71
829
93
350
625
370
458
220
433
920
267
808
714
310
724
972
336
452
690
512
790
953
817
986
45
676
955
645
488
429
389
912
611
483
262
236
853
72
808
638
344
427
447
410
738
523
382
426
975
73
938
118
378
755
104
775
783
60
420
272
841
810
184
452
293
798
40
498
870
848
137
567
628
936
977
718
811
712
144
138
137
435
256
515
542
713
291
326
125
711
598
966
873
134
419
166
932
459
665
154
660
154
721
640
442
51
358
253
763
854
743
252
289
0
767
832
713
410
510
838
474
108
156
347
242
575
866
174
387
883
328
399
389
402
39
831
453
749
436
568
955
179
820
245
531
939
429
596
702
939
434
176
399
591
875
641
518
741
167
905
624
847
656
365
249
695
196
54
796
984
622
752
516
794
997
47
86
778
644
788
69
430
316
468
373
191
109
244
285
628
149
261
475
158
627
77
853
175
131
650
160
106
754
28
252
103
75
338
881
71
126
