1
950
854
442
770
579
986
879
823
271
859
325
532
686
483
159
763
336
687
247
338
847
705
444
227
957
547
302
648
428
726
126
730
932
921
500
511
907
731
335
530
590
660
62
629
495
574
392
183
261
991
874
460
696
318
687
654
866
341
302
646
419
780
377
351
701
229
215
608
313
550
138
255
562
553
884
57
127
277
592
740
268
466
200
965
785
239
971
651
580
625
297
0
405
26
703
459
608
918
67
921
820
558
176
382
463
61
791
590
690
736
682
958
202
234
275
987
473
598
990
53
575
640
405
981
18
109
792
626
27
859
547
848
769
724
582
232
785
726
174
475
462
856
785
16
442
413
4
915
11
346
321
587
986
726
920
5
187
712
631
215
923
531
415
45
255
349
277
392
427
804
219
241
12
356
258
455
769
614
370
133
960
691
72
299
770
344
304
957
408
287
172
683
818
939
728
425
641
358
169
420
162
740
662
526
97
920
981
218
886
352
703
846
395
775
145
165
471
801
123
879
441
647
563
259
939
643
37
580
1
558
0
515
299
14
394
748
286
375
318
172
79
22
371
827
149
516
992
621
670
467
852
111
115
415
722
406
411
759
986
764
670
338
632
321
353
26
421
639
401
739
164
833
113
535
660
615
403
4
236
73
472
88
184
939
856
907
345
619
18
683
383
688
373
15
361
726
41
782
718
795
874
234
628
987
769
640
954
172
644
542
246
468
631
782
759
839
689
456
458
60
139
193
100
513
209
462
591
250
596
661
397
470
895
377
810
16
17
764
189
14
307
787
834
290
569
594
481
611
50
291
671
542
484
123
407
693
585
350
296
534
12
45
4
259
423
166
276
792
283
817
158
942
604
993
584
525
939
65
136
989
708
159
883
192
283
290
238
220
641
886
754
5
931
111
264
706
277
892
499
912
709
657
854
665
2
438
191
941
855
679
283
915
839
166
460
122
809
50
694
450
936
449
807
219
912
71
278
541
316
777
454
377
786
660
43
789
451
586
82
306
265
365
222
456
884
34
930
693
84
625
495
20
426
302
591
338
725
869
879
41
998
333
419
137
994
814
278
445
752
360
103
17
78
677
826
962
711
756
655
795
733
150
167
159
804
111
497
529
332
729
923
683
414
694
172
760
508
450
557
260
162
661
629
240
690
807
202
754
564
209
549
649
711
69
809
515
180
658
45
864
739
968
547
154
662
719
914
522
521
472
134
684
485
115
276
527
923
831
281
839
40
831
488
752
252
649
267
784
660
312
648
399
632
548
553
294
267
820
168
141
644
302
177
129
418
453
656
341
284
938
180
325
121
20
429
725
670
696
509
330
361
509
81
345
57
635
992
677
807
160
818
451
463
995
932
881
448
940
222
85
230
754
762
351
126
191
76
796
239
937
478
952
447
560
298
504
547
290
533
354
450
351
157
913
698
89
146
499
29
720
584
260
474
346
963
953
537
392
749
776
329
580
729
128
140
379
985
39
669
518
393
471
870
550
385
568
991
883
419
20
604
3
632
430
349
596
383
238
340
485
367
669
65
96
150
557
827
135
596
496
653
989
967
875
891
704
796
234
588
215
606
544
219
239
974
920
187
358
159
527
843
526
548
908
974
50
465
801
185
61
649
191
402
968
66
645
673
862
231
613
430
837
157
649
76
131
921
615
841
80
494
684
958
43
944
932
445
761
85
631
174
734
822
928
703
888
573
728
103
804
693
533
994
202
534
422
685
455
38
527
888
532
563
846
927
508
131
373
621
216
356
796
303
178
724
358
418
650
438
873
806
131
406
800
333
292
223
18
100
261
897
988
145
461
186
425
321
317
798
942
886
154
738
541
684
815
899
102
465
337
328
271
820
734
424
505
379
647
523
479
260
421
819
405
234
5
830
555
323
980
497
561
486
588
102
170
403
353
625
220
42
305
491
862
391
267
367
770
914
242
601
174
15
420
932
249
426
114
156
101
95
6
662
933
594
116
456
349
469
433
569
511
738
412
725
129
680
92
900
594
686
501
121
702
922
53
303
700
519
460
801
966
466
815
900
412
931
356
761
400
141
330
263
879
742
988
360
774
432
260
721
118
114
842
172
388
247
476
88
766
288
241
733
754
56
985
166
987
693
279
739
834
609
354
65
703
694
425
478
126
38
199
596
504
393
769
892
640
597
332
758
885
573
843
991
981
180
509
320
873
788
59
59
749
765
476
452
459
902
282
937
292
833
533
796
226
654
688
218
603
372
329
488
945
524
831
278
705
692
598
930
480
657
990
229
774
818
34
233
720
