3
707
329
312
90
295
153
712
505
594
221
955
213
703
469
298
54
521
189
704
158
492
828
254
614
716
772
46
777
383
32
206
442
361
870
532
657
24
597
514
970
170
821
183
226
290
481
280
164
22
336
674
866
165
928
480
881
700
527
10
435
559
216
878
272
87
410
281
463
359
795
433
530
617
616
108
259
449
388
423
824
725
97
690
242
25
523
123
77
50
133
513
961
702
391
233
789
153
515
252
513
662
37
395
631
5
503
891
454
243
314
630
968
412
321
562
789
844
685
867
246
171
732
207
225
475
792
366
628
659
970
493
674
7
240
305
12
95
196
818
339
511
449
659
275
122
222
64
318
259
283
564
782
367
123
359
842
267
725
823
279
695
668
953
702
261
258
66
356
455
885
47
318
686
707
945
808
281
9
478
892
645
394
675
12
869
34
207
136
112
30
415
807
50
720
862
311
979
280
668
786
165
715
456
203
774
401
363
55
762
841
948
407
235
975
772
104
361
979
593
473
361
360
633
411
81
495
723
412
775
743
198
293
810
6
848
585
407
212
992
169
53
292
929
641
267
53
745
981
384
690
454
745
51
439
508
132
286
583
544
62
326
94
707
137
100
907
74
859
119
66
28
525
359
309
166
978
362
263
959
746
954
766
843
357
557
352
489
844
935
385
258
614
831
965
103
283
224
177
142
344
595
170
869
306
480
387
285
194
2
596
941
956
714
784
313
272
136
154
116
424
891
726
390
74
43
493
357
267
670
499
611
617
22
832
924
854
571
209
48
574
157
989
530
224
126
196
496
614
702
964
390
946
690
780
20
733
273
378
352
295
229
964
913
251
148
837
105
720
398
154
294
555
495
176
779
621
724
627
588
779
943
978
725
985
759
745
70
32
475
423
680
705
739
593
956
887
430
414
607
180
568
253
735
415
430
867
389
154
494
977
933
790
955
10
775
66
108
846
451
583
621
131
640
360
724
949
247
506
363
207
686
283
460
421
698
890
640
87
397
487
64
682
277
372
693
404
438
801
250
241
736
871
372
377
583
96
678
831
954
41
390
640
324
850
414
374
93
54
462
842
893
878
524
170
602
217
575
393
370
177
634
107
401
359
836
984
455
514
167
762
555
557
402
231
408
816
957
853
223
771
695
116
2
219
639
604
789
566
349
159
95
336
618
496
695
454
833
502
968
0
264
875
558
667
458
318
835
416
523
410
187
218
879
189
789
518
146
578
436
495
90
531
831
708
28
878
515
213
381
835
213
645
63
123
312
521
793
500
289
316
910
829
534
789
18
324
659
516
254
95
364
344
627
547
405
7
426
272
220
807
107
433
452
170
909
117
44
702
617
685
371
879
514
905
669
885
581
680
401
836
776
765
180
755
313
937
762
739
209
982
898
317
767
350
839
28
819
235
83
788
921
454
668
435
359
689
672
293
369
74
129
497
191
661
252
856
599
14
947
160
348
845
829
468
548
669
496
367
256
579
156
177
33
176
965
745
865
637
38
586
63
519
84
255
180
336
111
131
703
411
292
51
256
121
871
804
142
720
524
399
299
32
928
685
208
245
782
425
235
172
11
298
691
447
553
223
784
17
707
839
428
999
242
36
472
114
193
967
834
69
718
485
101
646
522
661
244
304
438
479
828
449
777
871
249
683
447
33
52
154
224
832
153
466
868
977
580
413
944
766
482
662
604
935
661
126
596
905
783
386
736
611
188
865
835
437
548
282
822
952
436
46
784
941
512
5
918
445
418
215
211
253
229
815
188
242
294
137
499
77
523
235
40
711
101
875
148
1
509
970
954
945
368
738
886
881
95
157
678
866
724
241
119
953
409
307
196
703
444
695
132
320
931
172
31
384
400
532
385
909
854
339
855
223
430
93
456
877
602
134
743
326
375
862
280
136
522
828
839
966
523
971
638
806
496
670
542
248
554
928
157
408
619
364
983
49
458
439
927
412
925
22
739
653
885
371
789
407
199
981
725
74
304
364
233
800
386
775
400
940
55
558
700
675
922
36
724
732
827
3
145
753
26
236
758
263
607
899
670
158
880
747
584
537
111
817
689
849
945
90
141
0
648
842
675
922
878
752
7
705
755
504
810
133
740
920
396
699
820
418
209
52
166
793
589
629
611
279
479
908
721
972
908
369
814
936
643
44
688
2
102
795
506
264
929
598
185
677
649
5
448
858
409
614
652
999
595
615
630
426
875
351
399
783
72
565
719
67
962
759
70
64
555
576
328
836
527
865
865
176
870
313
387
280
279
39
631
875
6
261
