1
668
170
12
854
55
808
432
710
848
651
313
220
332
154
517
856
337
795
561
30
745
492
510
402
834
92
528
652
478
761
725
498
283
89
352
339
250
785
49
98
788
714
671
472
220
540
328
558
688
242
588
433
86
450
188
272
894
716
276
724
478
1
223
761
443
927
100
693
64
501
143
204
568
166
676
140
707
357
698
395
599
638
828
37
441
16
309
335
85
585
60
563
939
635
676
734
914
129
427
979
982
922
183
550
89
212
691
796
569
741
543
520
380
723
557
173
92
218
508
177
155
920
740
446
907
768
180
822
897
959
801
880
882
336
782
323
900
825
471
469
919
14
341
651
737
250
824
829
468
684
358
976
605
98
774
864
219
955
686
116
266
839
348
500
528
483
823
428
660
294
250
579
660
591
230
398
842
406
579
662
91
938
990
48
388
765
912
607
720
599
76
338
790
776
839
318
259
662
747
272
309
349
851
969
940
434
719
134
192
299
149
283
589
139
331
329
256
596
289
328
195
717
667
337
493
506
656
105
520
755
377
829
104
580
799
396
14
518
883
207
169
384
842
110
523
526
440
132
122
81
460
669
798
127
6
291
985
14
396
506
121
773
335
577
354
134
326
720
653
209
279
174
945
474
285
820
0
725
952
474
806
413
495
956
540
501
247
526
868
996
32
989
121
719
919
827
854
245
548
859
806
179
33
751
653
318
571
5
395
524
831
553
937
326
509
829
180
109
707
48
105
91
389
226
811
660
406
17
905
306
228
711
485
261
814
491
932
386
848
679
262
680
233
551
358
94
732
538
203
440
938
660
883
680
239
694
340
645
63
246
951
291
309
788
553
476
279
837
862
480
516
476
160
101
27
870
196
111
409
751
551
347
412
435
27
651
481
368
648
545
966
599
188
627
739
93
103
19
930
317
851
799
793
363
900
172
233
96
284
642
848
187
342
612
974
369
263
808
89
263
705
407
214
893
35
953
987
490
324
269
808
175
68
953
538
969
126
772
65
762
766
265
301
108
877
628
830
492
436
271
755
141
679
969
386
66
275
373
556
599
995
364
775
63
318
313
32
796
437
450
910
204
67
563
312
945
191
494
789
979
766
545
120
445
866
859
863
141
584
419
93
579
784
868
643
454
533
27
602
971
829
864
527
897
427
839
194
619
686
983
598
452
880
71
249
99
930
112
592
866
531
685
446
667
553
441
121
87
468
75
410
650
939
937
547
719
128
93
338
814
76
288
618
309
711
867
408
993
979
0
860
511
686
658
530
591
99
4
678
919
79
440
569
371
729
468
90
858
561
780
24
638
420
643
299
484
510
707
477
842
707
689
705
745
347
235
337
798
239
367
718
671
808
287
42
537
756
484
747
317
264
772
307
684
767
606
168
629
665
998
471
373
39
176
118
387
764
807
185
355
175
255
26
983
543
420
872
299
904
620
968
520
744
628
557
511
234
77
492
900
75
964
625
115
492
95
854
608
903
391
964
78
647
342
413
190
763
285
841
19
257
161
540
353
789
449
216
376
526
709
628
602
25
605
69
869
700
923
478
955
666
794
385
313
136
150
855
251
788
48
623
45
210
163
399
351
964
615
79
490
676
707
92
701
312
513
571
365
788
401
672
455
195
58
768
683
208
976
935
348
24
558
394
234
73
145
938
37
112
17
527
789
77
972
490
389
485
413
106
274
814
131
729
361
189
849
45
749
825
980
98
850
890
844
436
963
989
726
0
453
744
879
242
821
851
85
562
689
498
21
315
665
152
44
26
693
245
71
794
423
403
892
625
293
88
61
608
429
788
960
883
884
840
125
705
43
562
619
84
61
640
399
78
792
443
104
485
41
528
280
464
283
524
89
929
613
502
537
394
642
850
277
526
690
755
583
85
317
203
170
730
843
569
808
636
365
265
473
758
793
753
222
76
630
663
5
595
165
895
989
808
745
619
686
787
726
270
224
43
473
394
126
668
316
934
304
33
199
130
791
344
235
365
421
865
28
778
460
545
25
802
705
770
421
744
909
147
14
134
542
839
528
668
507
196
955
164
229
154
294
372
499
529
737
272
747
117
402
559
15
428
361
72
198
134
816
460
633
830
594
176
669
474
196
529
671
151
693
252
658
339
977
157
220
714
429
319
184
831
879
551
611
240
623
162
727
440
622
360
270
216
888
292
690
85
173
713
236
218
318
246
557
295
403
129
361
184
449
545
368
680
448
979
272
72
141
999
512
115
360
134
331
248
426
374
685
951
439
274
169
757
520
78
52
924
208
766
460
9
311
