1
828
689
760
160
313
184
653
313
696
769
25
830
452
273
609
178
311
560
618
585
730
727
105
808
132
381
368
898
842
729
561
22
770
673
534
84
857
540
749
553
661
774
736
113
399
697
644
710
257
614
295
339
693
753
500
825
134
220
75
328
950
637
703
72
310
237
508
520
129
257
425
790
31
161
256
431
858
900
141
468
866
789
159
559
542
659
385
28
232
460
709
182
449
412
606
112
1
115
632
131
372
57
921
756
571
177
187
781
429
680
601
295
469
761
855
363
772
592
744
4
404
453
538
206
865
145
318
866
260
950
349
984
359
271
740
282
800
279
64
230
960
665
877
781
778
84
497
551
676
241
555
433
694
94
991
911
591
309
777
203
611
127
187
322
750
280
605
550
559
669
780
871
686
658
653
465
742
502
16
771
743
923
556
789
17
547
700
608
208
829
163
171
956
351
493
58
983
98
609
542
767
741
414
806
751
419
271
846
273
639
969
16
562
877
157
932
424
857
540
984
686
56
155
995
407
648
53
390
747
14
284
866
756
50
672
859
821
295
705
94
934
26
462
497
903
619
429
679
476
321
663
515
377
170
510
136
171
563
878
918
930
163
136
686
565
161
897
387
456
955
833
391
981
296
240
885
915
669
564
744
342
580
259
72
750
769
208
921
684
87
191
614
602
680
652
167
841
550
906
297
505
740
40
838
36
632
723
303
301
640
399
996
220
658
68
322
779
276
244
816
715
787
430
317
467
435
837
308
337
743
958
194
483
350
32
871
983
756
527
636
748
926
632
968
937
700
290
68
329
886
884
44
674
667
714
141
102
551
802
791
294
760
985
130
462
17
353
445
125
232
82
873
511
66
193
800
767
836
868
448
722
105
492
396
772
558
890
226
109
692
17
756
804
354
238
266
371
591
64
849
176
498
74
687
564
268
487
683
104
707
131
178
812
976
575
936
534
817
514
996
861
883
752
665
237
990
283
609
933
347
810
461
845
884
148
762
152
987
445
608
695
929
787
859
257
714
148
791
883
662
787
744
546
891
409
783
233
44
744
519
744
554
980
941
791
129
703
943
468
501
904
515
430
43
375
687
757
523
830
640
537
970
384
83
213
145
219
447
189
315
966
285
222
946
227
13
427
930
308
896
431
212
411
213
255
138
252
364
13
435
356
551
757
92
986
970
237
557
417
779
225
735
64
447
34
643
460
461
574
120
709
357
685
473
923
292
611
527
657
977
962
13
880
719
458
218
690
47
776
459
826
353
195
243
800
581
886
612
42
812
732
752
170
769
577
445
62
188
972
719
165
935
84
397
6
542
616
48
590
744
860
768
97
55
363
897
636
602
861
30
414
593
134
936
715
711
733
777
252
706
496
769
993
932
167
999
827
783
400
769
527
260
889
624
667
253
873
655
855
734
685
621
679
172
910
394
883
643
171
487
349
19
257
342
304
424
694
131
559
446
252
438
706
141
414
373
394
287
28
601
373
65
223
404
589
133
799
825
776
322
312
478
694
569
172
350
345
866
833
904
312
85
342
370
226
108
743
973
395
123
574
120
541
149
525
130
634
676
955
763
350
268
241
44
189
413
746
535
632
579
791
296
664
486
667
243
594
762
216
342
238
142
462
131
292
339
261
278
15
569
41
366
189
634
762
730
48
509
265
32
88
409
680
105
895
347
348
489
462
564
831
52
58
646
183
350
985
796
981
1
365
22
719
906
657
833
637
57
694
254
441
135
663
121
240
558
821
588
400
283
504
231
687
562
229
870
265
215
666
246
568
384
620
287
290
277
120
279
686
167
534
127
302
197
249
542
108
422
482
508
57
338
91
744
900
321
614
517
536
280
763
104
16
384
743
307
13
215
586
700
382
472
179
684
670
780
578
778
202
60
638
259
398
729
3
651
402
617
168
290
250
284
746
266
20
489
925
33
57
864
85
439
336
617
476
6
397
54
136
600
467
126
211
217
208
215
868
610
184
389
253
786
25
999
405
45
841
330
430
898
194
868
689
531
485
165
889
882
572
26
834
39
504
398
256
712
965
477
323
149
218
928
288
243
927
693
288
120
375
70
18
570
938
60
453
423
225
342
658
149
720
492
540
225
242
149
289
207
626
964
357
196
892
997
439
820
690
79
940
417
149
311
987
440
371
792
863
948
135
873
98
207
718
638
784
960
787
74
168
765
38
525
313
931
874
752
103
916
183
395
333
685
706
321
125
429
465
340
378
600
214
828
160
932
818
944
892
958
18
60
75
57
937
389
340
811
141
443
727
325
