1
838
413
10
897
734
487
326
199
827
56
152
41
884
312
973
703
256
866
661
627
278
88
684
216
477
376
379
619
819
459
296
657
872
658
906
958
497
233
509
324
289
661
366
174
325
691
229
934
909
242
561
188
330
597
756
808
973
135
779
144
594
427
153
466
437
60
424
934
293
286
258
934
947
976
460
625
668
689
559
929
283
472
117
614
421
873
774
746
361
905
890
955
684
43
774
473
103
550
407
748
836
17
683
136
346
143
761
366
185
672
295
468
496
413
434
917
638
560
15
999
817
905
307
501
300
433
974
756
335
733
856
172
103
539
660
449
35
421
815
220
445
462
40
941
227
827
210
866
387
225
217
205
482
876
58
134
661
385
890
997
118
99
169
573
990
829
22
25
602
189
597
399
4
990
692
231
817
254
449
204
831
667
761
313
895
820
799
557
205
42
554
675
141
75
249
131
256
623
509
858
165
106
609
169
96
301
400
265
555
850
470
738
869
583
403
764
403
202
321
960
244
227
636
737
302
885
869
558
860
378
768
25
836
729
194
285
30
595
550
937
445
372
675
666
956
78
430
711
633
104
672
229
331
308
967
986
545
836
896
405
566
17
431
402
746
977
39
777
572
590
66
369
962
94
35
270
524
818
982
157
922
654
387
605
314
354
943
211
542
840
616
460
209
399
214
955
377
254
84
301
196
151
23
510
597
58
781
121
228
763
631
150
769
370
108
83
724
403
646
618
595
262
78
804
14
292
760
743
898
844
396
94
347
419
605
944
830
386
418
58
501
49
561
270
419
669
705
495
424
351
465
20
965
543
176
331
187
936
426
86
133
823
180
832
242
785
777
72
523
547
131
24
948
692
646
719
713
703
566
489
406
31
509
724
926
686
55
113
974
482
551
459
305
84
292
899
221
421
972
745
968
455
121
916
499
120
635
564
175
201
53
582
584
563
306
510
601
713
975
927
195
879
387
852
963
679
104
184
100
428
281
68
883
755
336
734
227
323
298
402
876
351
984
460
266
642
322
867
356
649
147
903
528
534
756
491
565
212
28
665
640
309
85
523
416
773
257
643
96
907
46
324
258
382
136
525
25
458
744
733
107
891
636
636
425
744
479
990
956
507
7
596
169
444
471
585
217
80
581
665
987
627
989
598
361
125
123
386
935
867
471
43
759
460
31
536
204
862
879
513
370
886
461
891
331
285
476
900
717
409
566
705
36
907
303
398
33
778
136
320
645
960
715
756
420
746
293
976
961
524
489
331
762
303
574
93
588
402
346
305
812
912
362
848
171
17
598
556
795
87
877
793
47
592
901
467
691
546
443
652
70
285
335
833
588
909
278
528
311
624
185
123
888
900
324
60
269
922
968
417
361
845
210
408
790
463
875
481
10
671
485
80
956
820
913
896
81
544
776
744
168
313
868
409
565
544
821
835
466
789
252
180
987
814
588
777
629
816
610
639
487
95
720
795
267
985
43
348
529
819
444
50
484
312
811
50
856
632
237
675
773
841
855
760
7
795
537
636
611
147
276
98
594
348
893
861
685
936
561
567
107
6
617
944
670
780
994
879
764
583
906
537
424
113
650
431
908
187
419
520
687
695
618
281
395
864
495
81
152
408
648
260
766
617
204
789
397
550
668
161
133
926
50
909
39
700
692
947
888
111
467
927
159
438
560
906
302
407
987
806
168
987
418
934
604
974
75
1
524
95
514
9
21
565
270
60
265
962
8
505
426
827
784
937
265
345
843
919
104
831
726
272
818
144
559
775
119
634
128
995
730
643
357
751
560
627
812
177
942
172
683
368
999
819
305
265
164
148
536
269
331
262
541
502
759
100
277
878
87
757
225
817
752
582
568
312
562
732
842
504
904
525
224
904
344
529
521
861
29
57
482
713
320
375
215
431
828
844
661
915
601
886
732
706
821
652
370
383
385
212
239
641
89
463
545
786
344
418
647
373
476
481
438
148
856
653
579
684
849
240
599
803
478
331
509
299
336
879
34
721
92
625
362
181
88
260
967
432
678
966
158
506
447
596
6
304
602
937
340
451
529
940
606
8
623
467
659
959
347
46
680
791
671
395
324
112
7
644
544
37
962
54
896
410
3
902
66
605
840
406
408
369
698
15
729
322
482
741
281
181
787
314
324
810
61
649
922
68
645
819
457
607
873
353
369
876
608
787
833
448
546
242
169
244
609
251
566
443
344
200
625
483
866
301
293
927
302
568
347
947
387
156
907
612
510
628
841
118
416
674
918
314
916
439
558
877
42
477
321
386
