1
677
946
869
895
599
163
822
902
731
521
849
470
677
108
82
187
737
923
657
505
598
927
819
866
719
377
744
761
206
417
148
883
715
17
778
314
532
952
216
615
473
418
85
503
526
520
42
263
443
700
768
393
979
587
612
698
317
708
460
523
125
608
759
840
977
889
154
510
842
723
477
667
141
563
170
667
83
213
283
878
265
51
624
244
991
588
295
308
648
755
183
773
715
942
965
44
832
471
906
26
194
384
45
687
299
568
355
734
133
638
964
398
41
588
994
32
528
641
692
176
748
876
301
815
170
618
860
354
442
118
732
636
502
778
676
801
346
31
535
831
21
852
229
62
440
575
447
321
217
139
849
965
367
503
781
890
121
993
244
563
111
977
552
966
107
228
119
805
611
7
636
632
859
217
694
299
792
141
972
361
633
822
679
0
325
812
242
798
157
487
714
268
816
266
234
923
846
706
728
457
713
716
441
572
933
135
223
77
629
196
791
614
370
822
966
47
634
209
845
791
696
559
411
512
177
998
787
375
704
867
184
417
583
625
989
868
113
212
945
742
760
88
356
130
910
322
177
896
531
375
687
579
286
451
443
464
449
230
839
505
97
24
922
32
1
263
900
114
827
198
208
588
286
564
70
549
239
600
445
122
975
133
54
261
936
497
77
737
80
917
242
177
293
516
210
294
779
462
761
958
660
969
546
947
886
969
496
477
569
941
599
544
426
5
157
714
503
235
451
583
504
693
112
149
209
674
795
340
137
556
299
797
526
197
96
764
166
944
241
87
238
192
631
16
198
141
731
53
376
182
988
232
876
100
381
437
775
176
778
264
85
429
61
963
626
510
727
145
454
968
232
692
160
216
709
710
357
440
763
85
974
103
317
202
204
50
640
331
578
418
595
663
199
8
626
825
518
705
970
973
673
203
17
186
419
78
248
128
870
364
213
845
467
882
47
671
932
687
354
862
457
301
878
656
662
856
834
180
562
804
505
587
359
523
125
130
601
374
258
472
738
471
669
205
705
716
229
989
756
935
852
565
237
730
222
899
938
408
431
500
212
937
88
924
812
565
54
765
939
313
589
677
136
258
235
842
327
464
183
83
751
387
648
988
469
222
239
408
630
671
908
843
960
348
119
772
914
173
889
853
838
479
883
975
737
470
169
64
286
704
499
37
92
148
378
561
370
617
969
1
640
230
196
952
578
315
76
844
840
966
50
679
445
933
6
534
755
527
599
41
231
98
78
675
598
456
237
969
426
558
322
418
788
870
723
719
537
799
563
377
765
613
408
562
898
414
97
653
293
48
46
877
498
125
552
97
933
141
418
711
700
740
130
840
610
205
559
147
4
475
876
122
440
285
684
339
51
781
344
697
829
391
574
680
868
126
777
153
268
195
865
968
935
347
160
897
552
720
396
556
195
272
678
635
909
715
326
961
496
23
658
678
766
584
358
634
710
487
787
330
682
4
650
969
351
811
866
903
531
262
812
78
886
842
65
796
557
392
109
406
415
119
436
533
703
146
167
765
633
306
96
667
311
746
636
14
909
854
918
440
468
82
870
354
276
936
502
834
680
611
592
447
82
28
980
137
526
499
903
511
805
999
178
116
97
814
131
359
668
401
799
136
835
22
842
111
310
345
297
990
308
889
789
391
269
769
528
147
268
783
658
425
134
836
542
584
650
25
943
670
778
94
806
965
116
649
428
426
994
726
768
654
967
557
397
589
326
278
736
946
61
395
372
196
231
266
780
234
643
75
904
773
169
63
738
286
712
166
64
58
244
185
64
212
742
462
801
421
740
889
367
801
284
91
349
868
357
481
454
352
556
358
125
78
773
863
364
485
382
780
895
626
965
960
190
60
774
343
481
514
585
200
667
869
292
369
89
1
850
543
354
759
254
479
837
27
695
553
865
429
685
112
407
651
424
598
63
198
293
544
64
878
744
732
100
388
101
541
390
303
437
744
62
691
575
251
70
270
804
287
699
490
752
459
493
176
409
556
727
702
452
791
933
548
523
33
937
976
926
679
280
363
423
694
406
998
946
477
621
750
116
672
592
868
131
85
397
540
993
124
595
445
915
528
994
791
913
283
767
839
962
399
203
737
94
609
87
392
438
708
142
907
733
87
775
216
172
524
109
518
648
704
963
916
584
309
707
849
944
826
688
258
578
243
995
24
205
83
416
995
143
910
902
228
997
30
445
522
554
554
40
555
610
355
471
546
17
530
395
961
356
435
220
286
31
567
310
236
2
726
231
498
637
486
726
986
516
523
508
422
