1
429
548
977
39
256
448
937
273
978
332
586
687
120
158
973
151
726
284
739
728
362
322
226
351
808
305
338
324
828
846
747
258
747
76
649
355
525
939
628
855
271
214
542
743
725
868
246
451
504
985
531
866
308
110
218
116
415
908
793
595
106
892
205
205
968
207
560
845
146
540
701
769
755
595
513
832
463
759
283
967
745
166
186
405
276
756
873
43
664
666
991
122
910
196
328
231
403
240
76
549
781
129
319
888
725
184
720
540
943
355
508
40
521
694
797
150
802
671
193
466
337
184
940
600
733
268
831
136
861
907
38
642
389
357
530
114
541
602
654
836
957
514
229
478
560
26
628
362
697
174
180
387
710
121
987
443
741
170
932
602
429
970
596
818
679
478
932
572
80
939
760
37
453
989
516
366
368
496
728
65
670
909
804
381
382
143
176
123
313
108
78
743
430
674
913
109
505
846
33
585
137
794
623
942
135
491
308
503
339
37
921
362
298
725
95
680
221
271
155
534
732
585
629
162
612
543
624
117
741
657
702
230
803
677
172
939
520
481
442
860
870
363
222
168
441
317
200
662
940
707
196
672
293
178
187
905
73
811
374
166
820
428
396
624
106
568
563
626
401
357
838
271
721
412
791
162
81
991
824
22
699
372
46
344
902
233
601
327
396
975
493
217
403
241
193
861
162
756
840
563
465
678
187
186
91
978
700
172
322
524
546
21
249
593
717
151
826
318
479
223
645
324
792
48
566
985
262
728
93
102
643
558
780
830
97
223
809
797
396
131
674
942
504
923
887
221
426
714
891
905
289
536
582
433
936
148
770
198
228
215
300
871
773
433
702
222
656
863
372
404
346
46
699
850
969
586
423
395
300
666
653
941
554
235
374
490
735
144
41
963
359
693
834
485
126
888
59
783
103
431
187
449
477
238
651
798
825
426
546
477
444
551
419
998
138
145
841
873
642
882
836
353
575
22
190
702
263
602
837
718
33
376
520
863
615
523
13
440
950
911
917
746
462
688
745
600
186
586
473
828
468
661
533
395
36
724
97
299
678
286
17
711
663
537
926
630
61
940
70
363
851
339
109
666
380
206
618
918
792
92
746
612
105
631
8
141
707
457
792
385
744
162
449
759
699
375
389
112
667
811
827
519
502
289
537
234
495
155
152
640
599
250
252
705
882
612
198
589
422
991
327
518
153
776
277
204
151
18
669
819
829
848
690
683
137
579
918
633
734
70
625
334
673
229
391
555
842
941
496
264
284
175
782
437
951
411
994
455
429
15
274
610
863
316
645
1
895
563
986
981
986
611
667
659
192
58
566
34
352
414
650
636
590
784
426
541
547
772
996
976
787
622
938
650
290
584
3
185
499
341
167
485
304
186
496
497
597
414
883
949
829
534
585
419
670
11
312
218
135
309
546
922
283
485
925
574
421
280
111
920
622
630
758
278
817
606
775
414
21
11
363
202
545
948
621
567
312
285
785
799
946
332
722
230
169
999
804
942
279
267
862
253
898
972
532
715
931
659
129
304
670
492
506
215
792
479
135
456
764
920
256
711
604
330
293
773
329
97
67
608
364
282
862
614
254
394
329
537
53
458
841
724
950
699
291
95
178
426
903
295
699
159
358
303
489
651
429
170
100
496
779
816
778
993
431
385
387
760
922
792
219
116
868
521
815
512
968
346
290
872
641
989
31
999
645
873
650
74
43
750
922
822
918
53
167
349
790
554
110
712
699
681
180
919
202
348
431
171
694
74
43
687
63
426
686
708
299
688
134
695
790
409
869
708
462
37
58
252
943
520
316
642
201
497
914
403
197
345
926
891
419
969
578
835
748
616
895
47
304
30
742
446
439
612
154
253
649
564
505
944
84
173
587
285
670
501
41
219
198
967
110
970
289
40
157
37
656
52
436
312
434
179
758
225
143
265
478
144
829
335
88
266
509
27
551
531
880
944
751
431
912
861
401
201
902
558
590
558
962
26
871
397
557
981
622
700
246
453
196
428
788
637
694
297
664
597
829
545
542
580
976
806
793
729
359
695
639
949
606
601
975
829
350
885
810
325
937
409
778
134
837
566
771
883
864
787
480
693
684
374
625
12
180
418
93
539
466
732
840
72
686
168
901
388
53
63
713
990
824
491
476
661
58
599
544
922
387
377
967
423
751
592
436
284
362
881
175
828
966
16
900
652
184
153
40
589
569
754
579
393
245
56
407
655
7
303
577
394
680
896
170
784
840
958
68
203
839
595
383
805
611
636
457
147
141
850
736
710
956
668
