1
456
553
76
863
209
83
518
138
830
199
35
0
335
227
958
755
782
797
350
166
955
962
802
764
461
295
614
198
6
922
866
814
476
942
29
685
377
547
823
207
98
210
207
433
790
165
188
572
315
539
90
270
853
244
34
314
540
1
864
898
923
730
712
399
24
93
436
402
640
260
609
739
822
169
524
964
334
713
537
1
604
979
271
809
224
658
475
116
659
340
366
582
422
430
334
799
523
770
201
163
382
162
254
557
683
779
521
370
844
410
371
448
390
995
609
966
653
84
434
664
424
800
598
847
230
932
646
753
55
199
268
789
713
523
346
397
654
868
767
498
630
490
946
372
485
555
338
490
639
124
154
416
924
105
263
506
37
261
611
444
812
880
234
525
755
580
922
409
800
41
907
431
532
205
803
369
112
494
860
103
618
366
519
895
471
134
753
861
395
365
305
207
597
891
85
352
472
359
113
624
401
20
407
285
577
563
654
689
409
514
792
379
233
312
626
704
446
380
565
194
745
223
753
342
114
838
46
938
198
159
915
599
179
674
236
756
237
890
797
998
757
589
378
342
253
4
46
52
384
964
246
481
539
351
823
5
190
221
944
388
380
211
339
911
885
927
19
475
817
816
473
926
406
851
268
11
208
667
63
592
631
661
74
522
13
249
527
203
471
823
943
203
34
634
115
272
561
134
747
730
951
220
657
709
424
277
720
632
944
136
224
927
797
650
449
810
252
977
365
75
800
308
278
187
294
393
459
855
880
206
586
183
778
595
244
202
872
316
834
169
452
411
96
602
413
546
412
665
875
130
92
27
790
371
214
85
116
673
940
348
231
878
531
10
473
775
564
698
444
399
867
896
162
963
850
575
861
615
593
736
745
685
764
535
408
330
972
877
356
913
225
587
143
109
949
617
236
514
315
680
265
182
929
427
145
779
354
359
394
947
95
491
985
211
27
745
542
999
622
898
264
200
837
408
309
787
377
545
301
692
578
566
226
507
345
723
638
699
82
33
999
178
524
984
741
903
729
283
255
704
533
519
904
371
279
565
158
656
110
811
700
688
729
926
547
74
2
186
125
84
571
124
614
95
108
356
351
190
991
606
246
525
477
502
896
109
67
406
765
529
217
818
218
298
744
117
372
98
303
849
183
874
974
797
322
82
505
673
624
497
631
870
22
460
724
918
569
791
676
335
321
893
505
891
543
601
8
267
700
664
116
883
890
90
32
212
173
538
237
149
35
220
372
57
681
96
327
250
888
3
937
561
248
442
452
791
44
812
58
744
476
174
979
367
265
11
931
790
549
521
291
584
741
663
993
774
112
320
25
0
675
314
913
923
757
365
66
153
529
124
249
6
651
228
725
916
591
656
58
141
529
349
77
271
13
423
45
125
743
422
477
771
737
742
46
846
107
113
351
636
237
600
994
240
180
71
156
771
80
214
264
609
916
342
232
929
765
278
406
860
52
235
983
789
977
30
987
436
143
338
424
732
938
771
973
470
842
481
242
922
48
506
532
964
200
764
245
317
394
651
178
447
238
513
588
567
543
576
3
38
266
779
771
557
550
96
27
393
577
269
667
977
128
551
941
328
668
186
998
62
189
528
861
427
41
802
994
585
730
349
623
996
129
746
553
679
842
933
424
772
202
92
749
682
643
43
363
311
229
361
726
419
889
939
846
930
93
193
515
823
542
491
172
671
237
77
703
432
10
127
556
565
571
657
247
215
700
610
878
282
971
956
701
212
896
899
143
341
92
10
165
987
501
689
10
91
766
713
875
777
841
783
342
412
440
941
979
493
552
210
775
875
166
828
88
414
727
583
756
172
593
273
159
447
962
521
538
728
235
413
857
428
196
551
192
988
493
524
481
397
734
608
624
252
436
712
19
516
647
127
688
241
400
199
688
714
720
578
794
307
343
4
735
891
555
280
879
400
804
713
797
538
673
774
142
110
486
161
626
134
640
666
727
392
217
415
106
289
993
901
597
688
905
684
579
812
964
458
213
768
523
362
658
197
136
801
659
975
314
637
461
955
655
188
699
872
955
806
161
300
59
110
988
316
795
567
128
759
377
693
528
253
56
538
450
544
339
461
519
6
450
980
313
105
520
12
977
827
170
490
127
229
601
115
545
396
34
674
507
764
367
387
17
775
926
819
320
617
280
191
623
730
524
288
187
44
653
164
872
823
6
351
53
607
819
950
355
205
976
863
969
344
250
986
471
528
157
143
146
437
335
121
519
859
762
706
255
415
222
479
238
229
183
643
188
2
946
896
207
922
