1
111
177
266
361
515
90
242
673
233
388
462
568
861
334
779
623
392
387
38
615
866
629
196
49
624
736
403
570
632
963
493
743
492
111
457
7
201
699
32
787
439
847
355
300
181
487
924
573
874
314
540
92
943
736
142
568
825
897
490
457
860
983
553
352
447
362
712
648
61
96
787
852
943
143
152
124
630
428
698
856
743
238
948
686
327
442
606
152
340
449
961
552
784
866
257
231
228
321
232
289
417
19
493
361
514
646
485
496
74
535
352
169
126
301
856
805
95
814
309
435
615
622
340
400
489
597
631
717
918
863
359
687
235
852
48
749
850
886
246
925
773
950
446
251
251
654
56
699
469
717
486
84
340
826
484
829
775
468
898
45
683
257
733
918
110
781
20
960
19
266
237
793
216
684
44
820
338
453
519
159
522
5
596
862
184
432
43
959
900
942
5
936
551
90
206
13
871
226
974
243
844
563
36
413
599
432
233
290
237
104
449
112
461
397
974
645
830
370
957
82
664
314
370
215
404
577
229
627
803
555
870
648
470
258
61
70
43
646
712
632
102
161
744
563
911
71
561
93
793
870
527
457
184
898
24
940
475
605
567
630
512
790
278
983
400
691
405
795
337
117
428
439
630
172
355
893
595
916
986
388
786
514
845
322
412
222
262
239
179
181
869
692
323
148
27
724
839
784
519
529
253
947
320
235
472
675
129
67
943
115
456
81
629
653
403
393
227
17
632
407
199
502
451
522
2
830
598
193
966
118
722
219
417
395
806
241
70
935
661
366
51
469
447
32
474
203
778
702
572
410
461
123
912
264
998
266
446
596
460
412
66
182
983
836
577
789
429
0
725
90
366
128
559
165
512
34
720
290
88
645
53
901
768
965
165
766
232
963
715
692
727
781
226
710
969
156
851
399
156
928
489
874
408
401
391
921
787
464
563
227
109
616
128
229
934
645
996
518
608
63
562
335
844
788
397
166
296
248
565
452
529
406
678
937
159
422
210
298
238
774
525
347
390
653
576
324
650
924
842
610
987
404
297
184
545
694
702
841
295
267
646
176
25
676
113
537
98
324
835
336
450
361
35
840
366
964
517
17
888
711
979
228
116
277
764
13
323
466
854
970
85
852
146
462
529
260
999
979
936
835
668
386
196
55
578
914
19
447
283
260
159
263
840
627
540
604
640
863
422
846
186
507
51
332
969
932
944
969
911
880
804
931
618
352
987
549
618
358
996
902
618
507
165
458
134
57
414
774
272
836
973
458
343
24
791
665
956
735
634
219
968
790
503
938
494
490
839
112
200
188
366
819
695
531
629
830
940
396
956
213
232
929
671
928
305
814
945
613
902
931
185
222
73
688
512
567
530
352
31
730
540
398
549
235
281
531
417
222
279
374
787
863
655
810
143
961
625
88
926
879
19
111
101
92
799
613
11
329
965
43
60
857
793
961
445
74
844
862
648
123
236
435
987
892
246
130
205
223
219
131
102
590
243
203
35
42
168
46
372
486
441
784
343
586
745
788
661
590
651
661
713
239
449
700
131
47
183
336
270
754
820
724
344
63
279
379
105
447
778
829
933
219
613
629
806
359
417
819
301
420
832
366
660
281
67
143
328
602
832
950
356
652
674
700
715
953
432
172
401
210
354
686
429
967
315
587
678
85
406
331
857
591
698
869
872
117
13
553
719
197
503
427
849
178
127
916
483
911
440
236
121
794
923
903
114
590
842
144
675
601
828
533
192
526
754
64
643
767
617
714
964
473
141
165
3
620
433
486
532
226
723
5
372
998
260
838
588
103
983
264
56
811
149
248
689
903
664
684
23
634
398
339
107
891
857
110
511
290
948
395
868
671
753
241
669
365
79
610
468
414
874
524
577
375
124
266
630
789
950
653
423
700
345
882
943
202
344
807
492
292
202
361
316
307
954
337
673
33
947
493
448
821
370
25
548
494
644
179
635
594
184
58
647
529
292
590
731
636
397
576
929
952
289
245
611
243
582
284
628
530
130
76
703
500
454
604
346
98
135
982
44
319
40
691
849
685
634
932
321
383
508
250
335
797
847
299
392
782
583
21
664
713
449
719
565
903
323
912
1
458
894
398
130
286
441
979
971
75
911
645
459
772
895
146
921
95
445
314
877
381
687
541
446
136
612
12
392
936
276
393
746
522
143
876
160
585
207
484
660
119
129
471
243
24
970
164
471
415
478
348
148
517
241
595
654
854
959
46
142
587
791
888
109
935
117
269
520
324
105
532
443
234
4
686
611
974
203
82
741
33
