1
783
890
551
24
837
557
230
796
955
372
383
746
613
844
33
730
465
905
54
571
438
850
805
794
888
416
120
91
851
861
125
634
103
28
10
940
585
241
736
540
965
471
638
578
315
672
660
781
929
715
352
719
565
509
513
805
278
633
897
129
847
374
115
950
402
125
891
987
718
979
879
36
803
517
614
118
541
275
251
823
342
603
542
259
113
56
64
391
41
313
872
888
39
987
191
441
464
434
780
535
413
11
571
216
529
537
687
422
164
938
245
858
894
788
117
359
196
534
102
237
199
974
478
239
313
669
32
129
103
165
16
868
176
587
437
57
477
124
480
993
414
77
852
308
217
321
667
413
207
769
3
407
95
481
998
760
150
30
890
605
547
906
825
724
846
262
781
675
738
613
20
505
43
224
813
260
546
833
674
105
954
677
864
402
510
862
162
12
245
404
617
792
311
442
868
509
57
2
536
795
967
556
300
10
781
466
271
679
651
297
136
605
326
1
359
836
215
522
200
812
926
817
957
589
611
825
450
668
827
986
816
795
543
116
157
676
934
428
355
585
77
843
543
755
844
902
943
60
424
143
872
703
960
181
644
572
7
95
592
186
81
408
333
976
877
491
652
811
271
359
749
701
203
292
456
399
194
400
811
971
543
36
26
856
217
670
780
576
765
372
763
199
133
448
175
10
291
180
173
915
891
922
616
446
214
424
846
761
176
657
84
72
693
110
928
263
132
60
839
898
784
954
97
917
755
624
279
46
804
453
313
696
727
281
142
942
706
340
55
234
998
491
306
43
953
586
658
85
646
498
335
431
804
784
700
559
409
980
958
213
785
271
261
512
553
756
806
611
96
213
845
446
704
504
842
9
90
500
95
737
350
782
520
155
567
220
714
976
552
672
541
337
296
803
202
201
911
8
164
7
574
361
806
278
865
648
288
956
148
735
45
499
517
565
654
84
137
720
412
42
745
954
731
393
109
933
594
20
294
110
379
868
471
185
498
689
833
138
645
334
873
42
833
743
959
839
179
96
911
592
138
8
898
222
401
7
155
347
379
801
457
758
669
281
944
168
970
129
306
967
463
532
9
648
627
968
839
158
416
103
750
907
111
0
129
513
359
284
212
738
86
670
849
107
303
145
627
273
274
286
240
90
170
601
738
797
921
930
955
337
33
58
244
144
58
373
9
418
10
222
508
448
244
357
555
547
502
183
820
777
821
412
219
991
365
309
788
286
239
95
623
624
505
220
769
564
593
130
334
955
352
842
403
596
552
311
495
54
846
667
183
667
79
402
658
796
712
798
82
303
245
706
928
751
278
49
667
871
179
1
827
884
195
582
832
747
893
328
154
739
995
337
406
427
92
416
223
156
214
306
459
460
364
387
211
642
788
878
865
968
231
692
204
426
627
36
526
520
364
32
260
712
369
666
139
813
83
714
969
649
20
429
461
736
168
672
730
957
902
596
277
133
640
481
912
267
517
790
788
234
822
48
298
543
66
437
357
501
151
326
503
524
107
964
260
276
637
343
233
891
939
862
377
579
343
289
199
212
431
987
446
605
387
744
148
805
533
505
659
37
184
162
913
291
126
525
919
115
868
152
7
807
366
736
739
709
377
938
922
808
277
720
413
664
817
913
821
702
771
480
91
955
642
4
598
121
530
518
236
398
22
595
558
389
331
297
98
708
587
372
868
864
445
281
880
614
195
701
316
318
182
760
273
824
764
871
945
294
389
534
45
764
129
603
153
813
252
603
521
839
328
390
55
773
23
935
739
570
636
407
888
818
167
161
995
932
385
940
578
126
826
975
890
956
930
395
121
534
999
642
725
327
384
780
452
408
715
191
330
704
950
219
522
118
732
517
402
469
810
332
596
988
308
838
296
590
586
417
125
585
412
850
264
796
631
68
556
698
611
887
402
561
458
277
31
190
146
433
12
308
766
608
297
426
798
593
368
736
11
493
673
775
696
937
571
679
357
480
377
968
367
132
882
177
761
913
367
907
699
379
216
817
339
865
595
490
458
963
226
821
457
900
596
505
189
520
184
899
0
561
867
719
45
101
896
806
367
615
66
66
347
282
235
38
499
830
880
309
793
459
131
602
711
79
107
252
951
291
151
951
205
371
22
602
472
270
409
191
238
827
257
937
109
492
975
960
674
208
269
820
19
752
774
730
832
882
982
135
525
486
439
82
857
461
685
681
84
446
873
322
273
482
259
734
327
586
694
1
794
963
821
813
68
596
895
252
830
230
387
707
716
826
790
573
640
475
606
724
273
479
