1
398
546
962
657
632
289
243
326
642
390
641
464
555
61
412
451
313
594
33
701
301
749
879
91
674
519
918
280
595
543
112
993
89
74
650
73
715
246
751
357
988
393
173
543
806
937
346
120
531
379
173
185
480
52
276
154
924
547
787
871
90
899
865
532
325
867
605
392
465
357
749
453
102
275
349
260
212
47
380
96
779
553
281
259
958
909
766
234
808
905
105
899
804
970
783
481
190
740
873
655
449
974
461
903
601
810
164
166
857
544
262
988
450
895
248
760
804
366
994
965
271
99
216
427
422
999
908
964
739
133
619
541
459
432
444
61
242
608
227
452
505
841
440
955
736
40
715
892
406
61
209
677
512
425
104
286
424
364
250
516
497
222
57
957
654
853
370
249
462
949
53
967
790
493
274
878
886
989
122
292
402
332
322
914
757
426
553
534
791
803
50
640
377
459
949
384
312
319
633
126
268
686
93
410
531
367
288
417
708
763
62
110
95
384
377
204
162
930
738
953
85
140
594
815
599
895
199
264
215
832
390
835
870
836
598
401
203
238
171
264
1
585
726
96
969
455
301
131
737
391
437
823
532
383
990
131
278
189
747
845
21
138
681
243
326
279
996
529
517
167
145
871
752
872
319
73
327
972
557
65
364
994
240
896
377
230
379
7
419
127
853
792
617
886
35
943
517
31
824
34
551
970
257
655
194
577
81
521
549
638
938
913
984
178
161
713
408
541
720
179
20
573
971
637
459
358
932
976
742
108
363
645
430
972
300
624
549
733
146
451
371
84
364
707
615
526
420
23
419
141
555
439
66
878
428
878
237
712
206
331
820
921
976
251
894
276
875
795
10
373
246
733
810
611
441
425
489
861
800
260
354
355
51
773
234
479
651
823
543
209
154
363
131
130
966
377
758
194
172
120
919
419
206
729
382
647
506
223
860
659
483
567
14
534
340
600
365
343
775
908
904
929
623
35
411
590
412
170
136
937
642
55
356
848
137
90
847
995
313
60
654
796
627
21
682
319
973
399
14
749
307
918
678
930
306
90
872
70
612
360
7
254
768
715
455
257
805
654
252
118
714
259
266
693
280
300
364
253
699
730
2
358
1
33
641
307
475
513
729
87
226
89
693
994
804
500
251
962
155
855
432
869
114
51
563
394
351
279
0
403
10
354
761
11
387
402
670
862
268
399
301
494
488
995
840
645
847
91
607
2
946
39
872
413
90
787
159
794
66
159
197
428
866
958
439
253
713
109
468
981
509
121
827
349
468
667
994
316
110
601
318
408
993
542
821
83
329
981
877
748
492
426
176
710
737
968
316
450
429
784
783
290
905
610
640
374
629
634
42
739
588
360
147
581
903
969
664
584
302
894
684
794
672
213
857
409
181
173
211
962
957
346
253
214
956
893
940
937
527
982
676
467
695
824
48
950
793
65
534
95
311
571
241
983
784
98
745
317
271
956
279
580
303
532
147
611
777
439
549
657
774
225
124
469
401
173
419
194
590
305
641
901
228
235
884
12
685
629
681
309
938
961
241
241
845
388
204
623
180
105
280
954
683
404
423
84
929
194
631
519
851
624
420
80
859
657
444
897
286
126
206
224
439
799
817
636
540
374
611
720
831
891
674
514
648
449
951
929
995
582
449
198
206
221
278
418
878
75
667
517
553
225
93
992
24
263
980
564
637
592
284
468
835
310
335
483
111
286
413
106
220
214
657
426
787
935
196
18
362
863
535
915
88
980
259
465
243
240
29
232
184
666
53
19
328
388
855
440
674
268
898
894
834
555
672
973
843
221
991
205
84
878
473
525
859
84
990
454
324
371
687
860
37
740
880
718
480
735
158
506
355
408
752
541
316
424
514
159
997
858
716
434
736
541
959
947
626
301
402
302
672
441
163
62
533
395
780
365
130
290
871
837
50
623
378
366
399
244
525
397
102
594
831
839
135
142
138
761
443
892
64
467
333
579
881
218
974
13
583
456
303
454
293
354
77
671
72
477
915
950
226
370
544
57
209
31
199
699
145
994
592
561
461
277
140
343
496
114
356
431
570
12
886
215
718
315
238
790
144
505
740
370
875
636
779
436
668
978
136
813
972
728
374
786
5
866
481
853
980
837
285
902
201
523
117
919
838
355
62
335
860
802
57
88
439
837
524
459
815
660
624
140
740
998
926
98
864
407
951
196
596
236
450
798
759
919
69
950
626
131
637
838
286
694
926
77
531
451
536
699
463
160
191
204
510
117
302
726
876
605
922
824
842
372
974
953
291
44
255
917
