1
527
892
107
813
939
34
242
470
837
778
521
300
290
712
856
800
181
510
526
409
116
800
234
310
524
560
615
167
956
223
436
484
115
544
649
406
578
892
877
415
22
750
67
665
463
924
465
996
786
344
406
902
496
992
564
21
904
180
188
861
403
625
697
870
169
698
277
99
942
506
514
965
256
581
630
71
857
447
420
644
143
826
898
640
170
463
661
74
995
201
287
750
826
984
972
347
35
601
446
977
459
960
942
68
894
924
139
103
724
559
99
867
737
998
507
259
813
520
334
160
722
621
262
900
958
234
248
993
188
694
970
647
7
265
715
901
541
207
356
265
118
456
133
856
806
992
115
619
513
801
131
587
775
393
487
733
627
735
78
167
430
48
815
437
665
882
690
207
89
46
472
208
854
605
416
660
598
883
631
463
37
762
50
812
155
537
897
135
625
975
302
55
375
117
492
41
0
534
600
441
932
72
1
787
30
769
447
980
5
79
443
42
841
845
206
349
734
103
484
359
430
786
414
805
256
258
198
608
144
798
49
77
223
51
864
253
172
663
233
177
94
28
219
288
873
777
637
959
880
121
319
662
259
85
820
515
344
18
123
488
169
173
565
744
576
781
997
748
445
582
278
891
962
497
179
835
627
816
146
507
289
465
522
549
551
342
64
247
712
540
735
233
65
653
977
641
786
974
741
231
908
19
475
870
869
654
57
496
471
204
355
112
21
877
661
572
571
78
819
284
618
907
517
683
912
847
676
698
173
769
282
82
141
757
304
362
411
362
210
234
918
565
347
939
795
360
512
718
438
683
354
56
590
872
91
502
71
767
553
244
889
835
326
30
944
631
392
355
345
602
942
263
519
289
202
666
1
714
385
440
750
739
848
340
963
940
195
34
59
100
631
948
287
957
978
231
940
722
938
285
324
880
900
196
521
103
862
523
169
599
963
919
691
163
612
6
103
159
393
163
611
24
463
898
333
442
129
626
164
67
263
841
300
164
37
821
619
251
696
788
203
11
60
246
175
24
604
278
535
349
793
146
725
609
44
59
403
525
37
567
944
300
760
244
464
149
418
83
753
114
224
308
126
636
906
301
660
510
931
195
860
77
693
937
686
89
996
89
614
385
8
910
686
121
155
502
270
925
938
375
39
162
683
517
798
589
170
810
452
454
357
664
531
50
601
569
491
950
10
105
335
370
15
373
491
522
876
114
447
814
841
839
328
877
356
478
818
879
288
270
333
997
286
216
399
888
785
890
190
147
347
525
869
714
899
713
237
127
179
36
941
20
227
269
897
936
99
716
815
387
338
148
736
625
364
135
865
501
25
55
0
724
932
869
438
831
582
675
310
761
64
251
134
291
872
31
227
971
99
42
710
438
542
798
415
258
933
280
111
310
335
463
34
267
333
473
451
267
500
761
381
916
365
515
208
589
898
435
913
350
830
623
140
372
422
555
983
707
835
94
370
522
558
404
141
243
229
944
862
82
706
243
998
423
110
558
12
361
346
925
711
176
901
851
900
675
758
883
382
945
330
752
467
240
509
960
483
90
905
697
524
963
941
875
386
403
433
750
764
779
676
827
307
929
678
560
604
436
795
338
733
125
443
552
717
952
513
552
394
418
250
271
733
543
146
119
946
931
869
63
63
897
890
370
826
921
930
430
709
78
769
443
203
564
995
273
868
508
825
262
278
75
885
11
618
31
482
917
963
352
980
378
601
870
748
428
791
31
210
501
109
331
944
664
895
291
289
763
800
115
378
430
542
263
794
161
647
276
430
962
980
410
340
582
280
440
10
424
471
572
925
932
904
221
949
151
512
238
915
664
705
645
95
248
908
889
761
555
165
191
517
498
601
209
80
233
650
442
657
473
14
934
758
270
507
59
422
20
297
689
36
355
334
483
603
242
372
716
150
890
907
667
388
860
229
820
93
879
262
103
352
628
389
110
899
897
169
673
269
819
362
657
526
696
141
481
938
513
197
88
755
456
108
495
316
337
667
761
568
929
216
920
910
606
383
161
855
904
834
124
75
196
781
601
892
274
82
182
140
279
623
895
87
83
743
403
772
410
517
340
692
733
612
954
691
995
115
546
252
949
22
327
145
156
281
389
430
363
571
570
995
546
818
82
629
913
838
401
675
355
741
367
440
706
673
132
53
788
678
305
737
53
985
234
209
266
975
991
629
547
562
976
93
732
411
75
645
249
476
320
956
570
40
396
276
713
880
329
502
911
987
591
964
972
178
525
238
153
868
219
52
430
196
498
514
607
573
159
208
401
